60
1 134 179 2 107 1 1 3 1 308 1 1 259 1 1 301 1 1 1 1 3 1 1 1 1 1 1 97 369 1 82 3 1 1 103 310 1 15 1 1 1 1 1 1 1 1 1 1 1 191 1 1 1 492 1 1 1 1 1 1 
2533 
22 59 121 132 158 159 176 191 208 219 295 316 376 380 382 452 525 533 552 583 587 609 662 690 706 711 812 815 831 848 862 863 866 962 966 998 1004 1027 1043 1047 1053 1056 1071 1072 1081 1090 1106 1118 1127 1143 1167 1220 1246 1260 1323 1330 1345 1372 1378 1402 1429 1448 1512 1523 1531 1542 1581 1609 1645 1646 1673 1681 1682 1698 1703 1707 1717 1748 1751 1752 1785 1812 1847 1854 1857 1888 1930 1938 1987 1992 2021 2043 2051 2067 2086 2091 2096 2133 2222 2225 2229 2256 2333 2343 2377 2398 2409 2434 2460 2465 2493 2496 2510 2560 2588 2602 2604 2628 2660 2701 2721 2727 2733 2756 2761 2781 2820 2821 2867 2901 2918 2922 2937 2956 
10 20 50 76 117 130 148 155 184 194 210 269 272 287 298 330 354 410 430 451 469 485 524 535 545 548 553 568 635 646 655 664 670 684 708 726 736 745 767 774 776 835 843 847 858 875 884 886 890 894 907 910 933 959 994 995 1010 1051 1079 1098 1123 1126 1128 1131 1135 1159 1180 1208 1216 1239 1282 1307 1315 1320 1321 1326 1367 1390 1393 1407 1424 1470 1476 1478 1495 1499 1505 1513 1516 1519 1525 1526 1528 1543 1560 1601 1622 1630 1661 1665 1667 1676 1732 1734 1736 1791 1798 1811 1824 1839 1867 1890 1951 1959 1978 1994 2003 2022 2028 2073 2080 2084 2085 2114 2119 2124 2147 2154 2165 2168 2179 2189 2203 2255 2262 2276 2290 2316 2332 2376 2388 2407 2411 2418 2431 2433 2445 2447 2468 2479 2482 2486 2491 2499 2505 2512 2521 2523 2534 2562 2569 2581 2584 2594 2609 2642 2656 2745 2749 2757 2782 2783 2789 2824 2857 2916 2944 2950 2972 
1584 2340 
15 18 35 41 151 161 236 281 308 313 321 365 389 402 512 554 569 570 573 595 602 644 665 689 691 721 755 769 802 829 877 888 986 1017 1021 1089 1095 1099 1124 1199 1228 1230 1272 1318 1355 1374 1423 1438 1465 1481 1483 1498 1504 1520 1524 1596 1619 1621 1713 1716 1737 1740 1801 1809 1820 1864 1948 1964 1973 2004 2023 2041 2069 2071 2108 2115 2148 2159 2164 2171 2174 2201 2215 2216 2218 2224 2277 2300 2345 2359 2371 2397 2501 2525 2545 2576 2608 2688 2720 2732 2744 2785 2810 2866 2870 2948 2980 
1846 
2383 
1252 1877 2089 
1914 
5 25 26 45 48 53 57 66 73 75 88 115 123 124 131 166 168 188 199 213 214 217 230 235 241 244 252 257 274 279 280 283 284 285 292 304 309 317 325 336 340 351 381 384 385 391 394 395 397 411 417 418 419 425 432 455 459 463 482 489 494 497 501 516 518 531 547 563 567 571 575 586 588 591 593 597 605 616 624 630 632 633 639 661 695 701 723 725 735 739 742 749 753 762 768 799 836 849 865 868 879 914 930 936 946 948 949 957 977 982 996 997 1002 1005 1025 1033 1040 1064 1077 1104 1105 1112 1116 1137 1141 1165 1170 1181 1182 1183 1186 1200 1210 1223 1224 1244 1245 1253 1257 1259 1264 1268 1280 1286 1292 1302 1319 1327 1335 1368 1373 1382 1389 1394 1413 1417 1418 1436 1446 1450 1453 1455 1466 1486 1487 1489 1506 1509 1541 1545 1550 1552 1576 1594 1598 1599 1615 1632 1636 1641 1644 1658 1669 1674 1678 1687 1689 1691 1697 1699 1726 1746 1753 1755 1764 1771 1772 1792 1793 1794 1814 1816 1825 1869 1881 1883 1897 1908 1916 1919 1925 1954 1957 1960 1962 1963 1972 1995 1998 1999 2000 2009 2018 2024 2046 2077 2099 2103 2117 2146 2178 2221 2227 2230 2240 2257 2261 2275 2279 2328 2342 2347 2350 2386 2390 2393 2403 2413 2423 2438 2444 2446 2449 2477 2484 2518 2519 2546 2567 2583 2600 2605 2619 2623 2633 2646 2650 2652 2672 2675 2677 2684 2686 2697 2706 2718 2729 2741 2759 2762 2769 2794 2796 2799 2800 2806 2811 2814 2826 2833 2848 2849 2880 2890 2893 2896 2897 2903 2907 2928 2934 2943 2954 2955 2965 2990 2996 2998 
2837 
476 
6 30 64 71 74 79 81 99 105 108 126 128 140 143 171 178 180 181 186 189 215 225 246 253 265 267 273 303 315 329 332 343 344 352 358 361 366 370 408 412 439 444 484 507 510 538 539 542 550 585 600 634 636 637 647 648 653 660 704 724 727 728 750 752 756 759 760 770 775 786 803 814 824 828 834 860 873 881 885 889 898 905 945 952 954 964 967 974 978 979 984 990 1022 1031 1035 1052 1054 1061 1066 1076 1084 1088 1117 1120 1125 1129 1132 1139 1140 1142 1150 1152 1190 1194 1201 1227 1242 1250 1256 1266 1267 1279 1285 1295 1297 1299 1300 1303 1305 1324 1328 1332 1334 1346 1358 1386 1391 1392 1395 1400 1409 1414 1422 1428 1435 1445 1496 1497 1508 1536 1547 1548 1558 1567 1575 1578 1597 1600 1620 1657 1662 1675 1677 1683 1705 1721 1745 1770 1774 1777 1795 1830 1834 1836 1841 1845 1859 1875 1903 1915 1929 1935 1952 1953 1977 1980 1990 2016 2038 2044 2053 2074 2079 2105 2123 2126 2160 2173 2206 2213 2228 2236 2238 2242 2253 2292 2298 2338 2344 2380 2401 2427 2439 2452 2475 2478 2481 2500 2507 2524 2526 2549 2578 2610 2615 2624 2625 2636 2639 2644 2661 2680 2693 2708 2722 2750 2765 2774 2780 2792 2795 2798 2801 2825 2834 2839 2847 2863 2873 2900 2923 2926 2949 2961 2964 2969 2974 2981 2985 
1421 
2066 
27 33 40 46 56 60 72 101 102 107 110 114 137 141 156 177 179 206 207 222 228 229 255 282 294 311 324 331 334 335 339 347 362 363 369 383 396 406 414 427 437 466 477 478 486 487 491 517 526 527 528 560 561 565 572 580 589 610 611 615 625 629 640 651 652 668 671 678 699 703 710 716 730 748 757 773 783 800 813 819 825 837 838 846 853 859 883 900 901 922 934 963 968 980 981 988 989 1007 1012 1028 1029 1042 1059 1067 1086 1096 1102 1119 1121 1130 1138 1147 1148 1174 1175 1176 1179 1185 1195 1222 1243 1249 1261 1277 1294 1308 1357 1359 1362 1380 1396 1415 1425 1433 1442 1452 1456 1461 1463 1467 1490 1492 1502 1511 1564 1580 1583 1590 1606 1623 1631 1660 1701 1718 1720 1722 1723 1725 1727 1738 1744 1761 1765 1767 1783 1806 1810 1829 1837 1870 1876 1878 1895 1902 1904 1918 1941 1942 1950 1967 1983 1989 1993 2014 2019 2026 2036 2040 2042 2049 2064 2092 2093 2100 2134 2136 2141 2149 2151 2155 2161 2162 2167 2176 2191 2192 2196 2202 2209 2223 2226 2235 2241 2244 2247 2263 2265 2271 2283 2302 2313 2314 2326 2327 2346 2351 2357 2358 2363 2370 2379 2381 2387 2389 2400 2404 2414 2416 2419 2437 2453 2466 2488 2517 2520 2532 2538 2563 2565 2590 2591 2597 2599 2611 2612 2614 2617 2618 2630 2631 2634 2641 2643 2648 2649 2654 2665 2668 2695 2696 2699 2700 2713 2717 2731 2740 2747 2748 2752 2758 2764 2791 2807 2822 2828 2840 2860 2861 2892 2895 2899 2908 2912 2915 2917 2920 2942 2952 2984 2986 2997 
1003 
2698 
479 
628 
350 1501 2935 
1586 
31 
185 
764 
688 
465 
4 12 19 34 127 133 149 211 268 290 296 349 364 386 388 433 480 534 556 562 618 675 679 705 798 941 972 985 1013 1038 1044 1078 1094 1172 1177 1196 1213 1251 1298 1325 1331 1350 1360 1361 1451 1484 1488 1561 1569 1571 1572 1573 1588 1712 1715 1766 1827 1889 1900 1913 1921 1924 1934 1936 1944 1945 2025 2058 2059 2065 2121 2131 2139 2182 2254 2278 2296 2308 2368 2399 2448 2472 2504 2550 2592 2593 2626 2647 2658 2670 2689 2818 2819 2875 2905 2947 2975 
13 23 29 37 49 55 62 63 68 69 70 82 87 93 94 96 103 104 111 113 116 122 134 144 147 150 153 160 182 187 195 201 203 212 247 249 262 263 276 293 297 301 302 305 306 314 320 328 338 348 353 371 374 379 387 399 407 421 423 429 435 448 453 457 461 462 467 470 473 481 483 488 490 496 503 504 506 509 513 514 529 537 543 555 557 590 604 607 608 612 620 621 626 631 643 666 673 681 682 686 702 714 734 741 754 791 801 809 816 818 820 823 827 830 842 854 861 871 874 899 903 906 909 917 919 926 931 937 940 944 955 961 965 969 970 971 976 991 1008 1020 1024 1037 1039 1041 1045 1046 1055 1057 1080 1082 1091 1097 1110 1113 1145 1151 1161 1191 1198 1217 1226 1229 1231 1248 1262 1263 1265 1276 1278 1287 1296 1301 1313 1317 1337 1339 1340 1348 1351 1353 1356 1364 1376 1384 1388 1398 1426 1430 1444 1449 1459 1460 1477 1494 1500 1515 1517 1521 1530 1537 1538 1551 1557 1562 1566 1574 1591 1610 1611 1613 1617 1637 1647 1648 1656 1663 1688 1695 1696 1706 1710 1711 1724 1730 1731 1733 1742 1756 1760 1779 1787 1802 1821 1828 1833 1838 1848 1858 1860 1861 1874 1882 1885 1911 1922 1923 1928 1937 1946 1949 1955 1965 1969 1979 1982 1997 2012 2031 2032 2048 2075 2078 2087 2109 2112 2125 2127 2135 2138 2150 2180 2188 2197 2204 2220 2231 2233 2258 2266 2272 2273 2282 2309 2312 2315 2324 2325 2329 2339 2353 2356 2361 2364 2365 2384 2396 2402 2405 2408 2412 2436 2454 2455 2456 2459 2461 2462 2463 2471 2483 2487 2492 2494 2509 2516 2527 2528 2542 2544 2552 2572 2573 2587 2613 2635 2657 2662 2669 2690 2691 2694 2702 2711 2714 2725 2737 2743 2767 2768 2770 2790 2797 2805 2823 2835 2841 2843 2868 2881 2887 2894 2902 2906 2909 2914 2919 2924 2930 2933 2938 2941 2959 2960 2967 2971 2987 2988 2991 2993 
911 
32 39 47 142 146 163 167 183 205 218 259 424 450 460 471 536 540 559 579 584 617 659 674 692 771 915 935 953 958 983 1146 1160 1214 1234 1237 1275 1293 1363 1416 1432 1437 1602 1652 1654 1776 1789 1804 1840 1863 1872 1906 1984 2007 2060 2061 2072 2113 2118 2158 2199 2249 2285 2294 2330 2367 2392 2395 2422 2490 2540 2553 2559 2570 2579 2716 2753 2763 2874 2885 2953 2994 2999 
523 1063 2664 
401 
1344 
3 16 43 91 97 237 243 250 261 277 286 326 337 393 398 405 426 428 493 499 594 614 642 680 700 707 733 778 826 856 869 892 893 895 1036 1058 1068 1085 1111 1144 1235 1236 1290 1338 1349 1370 1447 1493 1514 1518 1539 1587 1635 1668 1693 1702 1729 1739 1775 1780 1822 1850 1853 1862 1879 1884 1898 1905 1909 1974 1985 1991 2081 2090 2098 2110 2177 2190 2207 2208 2264 2267 2322 2369 2430 2442 2485 2508 2568 2601 2616 2629 2645 2667 2681 2685 2738 2739 2773 2812 2886 2898 2968 
1 9 11 17 24 92 112 119 120 125 129 139 145 152 162 164 172 173 174 190 204 221 223 224 227 240 245 264 271 291 299 323 341 356 357 373 375 409 413 422 434 436 440 445 446 449 454 458 468 475 508 532 549 576 582 599 601 606 613 627 657 667 672 677 687 693 694 697 698 709 737 747 751 777 780 782 788 794 795 796 817 844 845 878 880 882 891 924 928 929 951 960 973 975 992 999 1006 1015 1030 1032 1034 1048 1050 1062 1069 1073 1074 1092 1100 1101 1114 1122 1134 1153 1155 1162 1168 1184 1187 1192 1202 1207 1212 1218 1225 1238 1270 1273 1274 1304 1311 1312 1336 1377 1397 1404 1411 1419 1434 1458 1462 1469 1473 1474 1479 1480 1485 1491 1503 1522 1533 1534 1549 1555 1565 1579 1589 1608 1624 1625 1627 1628 1633 1634 1638 1640 1642 1649 1650 1651 1653 1655 1664 1666 1670 1684 1708 1719 1741 1747 1750 1759 1769 1782 1786 1799 1805 1807 1815 1818 1852 1856 1873 1880 1886 1891 1892 1907 1910 1926 1927 1940 1956 1961 1971 1988 2001 2010 2013 2035 2047 2056 2057 2070 2082 2083 2094 2128 2142 2143 2144 2166 2172 2183 2185 2186 2187 2195 2198 2210 2217 2234 2245 2248 2259 2270 2280 2287 2295 2306 2319 2341 2349 2362 2378 2385 2406 2420 2425 2426 2429 2432 2440 2441 2458 2469 2495 2497 2502 2511 2513 2530 2536 2539 2543 2557 2571 2589 2603 2606 2621 2627 2632 2655 2666 2671 2673 2679 2682 2687 2704 2705 2707 2719 2728 2734 2751 2760 2772 2788 2793 2802 2815 2816 2830 2846 2858 2859 2862 2871 2872 2876 2877 2889 2910 2940 2973 2977 2989 2995 
61 
196 266 551 650 993 1240 1412 1762 2088 2120 2281 2470 2474 2598 2845 
2945 
2039 
920 
2288 
1406 
441 
278 
2622 
100 
2008 
198 
0 2 21 28 36 77 78 86 135 136 138 192 220 226 238 256 260 288 312 319 322 360 372 390 404 447 522 541 544 592 619 638 645 656 663 669 676 712 713 719 722 743 744 772 779 781 806 832 855 857 870 897 908 912 918 927 942 943 947 950 1001 1016 1049 1065 1083 1103 1115 1154 1158 1169 1171 1203 1204 1219 1233 1241 1255 1271 1281 1309 1316 1329 1365 1366 1369 1379 1381 1385 1399 1405 1507 1529 1532 1540 1546 1553 1563 1592 1616 1626 1629 1679 1690 1692 1743 1784 1797 1819 1843 1896 1912 1931 1958 1976 2005 2011 2037 2045 2054 2062 2068 2095 2106 2111 2116 2122 2130 2137 2157 2175 2181 2200 2211 2214 2237 2239 2250 2251 2260 2268 2274 2301 2307 2318 2336 2354 2372 2373 2382 2394 2415 2421 2451 2473 2476 2506 2529 2531 2547 2548 2556 2564 2595 2596 2620 2638 2651 2653 2663 2678 2712 2724 2726 2730 2736 2775 2786 2787 2808 2831 2842 2851 2853 2856 2878 2879 2925 2929 2939 2962 2992 
2804 
1943 
2299 
7 8 14 38 42 44 51 52 54 58 65 67 80 83 84 85 89 90 95 98 106 109 118 154 157 165 169 170 175 193 197 200 202 209 216 231 232 233 234 239 242 248 251 254 258 270 275 289 300 307 310 318 327 333 342 345 346 355 359 367 377 378 392 400 403 415 416 420 431 438 442 443 456 464 472 474 492 495 498 500 502 505 511 515 519 520 521 530 546 564 566 574 577 578 581 596 598 603 622 623 641 649 654 658 683 685 696 715 717 718 720 729 731 732 738 740 746 758 761 763 765 766 784 785 787 789 790 792 793 797 804 805 807 808 810 811 821 822 833 839 840 841 850 851 852 864 867 872 876 887 896 902 904 913 916 921 923 925 932 938 939 956 987 1000 1009 1011 1014 1018 1019 1023 1026 1060 1070 1075 1087 1093 1107 1108 1109 1133 1136 1149 1156 1157 1163 1164 1166 1173 1178 1188 1189 1193 1197 1205 1206 1209 1215 1221 1232 1247 1254 1258 1269 1283 1284 1288 1289 1291 1306 1310 1314 1322 1333 1341 1342 1343 1347 1352 1354 1371 1375 1383 1387 1401 1403 1408 1410 1420 1427 1431 1439 1440 1441 1443 1454 1457 1464 1468 1471 1472 1475 1482 1510 1527 1535 1544 1554 1556 1559 1568 1570 1577 1582 1585 1593 1595 1603 1604 1605 1607 1612 1614 1618 1639 1643 1659 1671 1672 1680 1685 1686 1694 1700 1704 1709 1714 1728 1735 1749 1754 1757 1758 1763 1768 1773 1778 1781 1788 1790 1796 1800 1803 1808 1813 1817 1823 1826 1831 1832 1835 1842 1844 1849 1851 1855 1865 1866 1868 1871 1887 1893 1894 1899 1901 1917 1920 1932 1933 1939 1947 1966 1968 1970 1975 1981 1986 1996 2002 2006 2015 2017 2020 2027 2029 2030 2033 2034 2050 2052 2055 2063 2076 2097 2101 2102 2104 2107 2129 2132 2140 2145 2152 2153 2156 2163 2169 2184 2193 2194 2205 2212 2219 2232 2243 2246 2252 2269 2284 2286 2289 2291 2293 2297 2303 2304 2305 2310 2311 2317 2320 2321 2323 2331 2334 2335 2337 2348 2352 2355 2360 2366 2374 2375 2391 2410 2417 2424 2428 2435 2443 2450 2457 2464 2467 2480 2489 2498 2503 2514 2515 2522 2535 2537 2541 2551 2554 2555 2558 2561 2566 2574 2575 2577 2580 2582 2585 2586 2607 2637 2640 2659 2674 2676 2683 2692 2703 2715 2723 2735 2742 2746 2754 2755 2766 2771 2776 2777 2778 2779 2784 2803 2809 2813 2817 2827 2829 2832 2836 2838 2844 2850 2852 2854 2855 2864 2865 2869 2882 2883 2884 2888 2891 2904 2911 2913 2921 2927 2931 2932 2936 2946 2951 2957 2958 2963 2966 2970 2976 2978 2979 2982 2983 
2170 
368 
558 
2709 
1211 
2710 
