2
1.0056940661382288 -7.84507416233776
2.002974219655165 -8.204898731822595
0.6146392347299879 -7.422724430699772
0.6369327114451627 -8.383068748283007
-8.394337491950862 6.121797403871924
-7.198472477854969 5.61773717230155
9.602715797883942 -0.8434184580533606
-6.9442545791277 6.267794038211954
-0.16158332658919483 3.8033432348969933
0.6724910031598428 4.189196492137568
1.471095143370433 -9.149820010741085
-0.6647304814319873 -7.696007265940839
-2.449134623800925 3.723629036767637
-1.7869384004374278 5.64256720116059
-7.335277598189017 5.435127450617469
10.493029242158423 -1.0134973327541108
9.805189084602944 1.1197675218767313
8.314181062230857 -0.0574674698274209
-8.083107409231793 4.157168375951355
-7.547532414577891 5.549373550963712
-8.667690529475086 6.295669954581869
-0.5446078798075142 -9.513347083781115
10.581413256553116 -0.326061054193157
-1.5265072674682854 5.873303069493907
-7.987499015279154 5.028903574283796
-0.6728710054372323 5.140304612040339
8.939335740035663 0.7115171132012184
-1.725193566673298 -8.518677047914933
-7.51275774890735 6.159153017037238
-1.0933909318908548 -7.976010470076965
-8.773545449848683 6.895261037528966
-10.081047044333811 6.57126863279543
-1.4558536769850865 4.99505777373273
9.779666027578797 1.1925828417413227
-0.055807344788419116 -8.24370594776312
-9.589001870641882 5.24454467089093
-0.007158258082321511 6.633575619963584
9.043829985173332 0.8321208400129793
-1.569948730291462 4.078440670803717
9.643600815049808 0.22545780698072804
8.731188381825874 0.814779848449867
-8.894100534328217 6.6247471756150595
-1.9572853887690997 2.9073077113338295
0.8660757124312303 -7.567223770948027
-0.15204256835803667 -8.991486979129187
-9.723547782721273 4.100787526375015
10.592904418837756 1.323515426490724
-8.334924137555383 3.9801068356068394
-9.13854978600458 4.214579543297987
-1.7057136830080455 3.1441359488706078
9.257842354392102 1.3864167436433568
-1.336189419122192 4.481132076201135
-8.564815478553625 6.552491052524358
1.0180236233928164 -10.146138834613662
-1.642735793473852 5.314226670957224
8.25907236106379 0.8815444732193807
-0.5708434286977772 3.7172793410370555
-1.5670029130782206 5.213316792146944
-1.561518115874108 3.9619295877798986
-1.6910324178035898 4.338743759601008
8.9661384508835 -0.4323746229405603
-0.7801953475460106 -8.252112677168105
-0.5151562906465692 -8.247862242686868
-9.597566638974929 5.008613378720029
-1.9629983880571569 3.8166439004183235
-0.6746388394086817 3.98084698609442
10.276009813577918 1.483245799221259
-1.4325346234573588 4.036659208358602
-0.7551220834029476 -8.62443371968761
-9.184887408644396 6.094501267041369
-2.530645255140524 4.766248265992347
-3.157182056495002 4.815424921924244
-2.548076015266746 2.4546560570134908
10.437926241837877 0.40200514427044487
-9.12787335710101 4.401753058731496
-7.698505202010362 5.357421628696658
-0.3925695959130055 -9.199056432852032
-0.6091860268091484 4.317905125504627
-0.6411922451990381 -8.977939536180607
-0.6627622292269187 2.527323475823704
-7.905772325192874 4.8455386483808285
-0.5706611567815549 5.748948990962049
-2.276979400577395 3.1710948459403836
-8.077269706777974 6.769769295012812
-10.115267182759474 6.769376838136366
8.923978563188538 0.4904531662268815
-8.774027949321018 4.418393751344087
-1.208367816379566 3.329364241310177
-8.815951235947718 5.126449192668772
-1.1526754359107483 5.765879618010033
-1.4000736351284992 5.271841151169464
-8.96001143758655 5.827855605348271
0.08144357782720224 4.6459929051552855
-0.7297231010835628 -8.248812083128351
-7.981689753346038 5.567866994860885
-2.3250668024318704 -8.481090543746895
-7.413708663100982 2.8035910830477113
9.341352497267403 0.9623730599155959
8.790526830896061 0.7964051565367642
9.000593148033866 0.09946541955561805
1.3638806574568694 -9.191541457918813
0.09924307214764704 -9.644860789184058
-0.29857171382389114 5.077386459428645
-1.344692270330893 3.54355901535153
0.2436083037571073 -9.27752614052435
0.4002314135207012 -9.949889090578248
-6.756104162860621 5.140249051916284
8.633605873810817 2.385321040895094
-1.8015701954680194 3.0768461734916754
8.922543367501873 -1.0542607149946224
-0.5252618936584186 3.8626217763999713
-1.750948373295872 4.918590998440989
-0.4321256341892321 3.5763020366653375
9.34010084895294 -2.4855978286466858
-7.880706060710961 5.298547790827174
-9.358879151100597 5.31121794564833
-0.9266780754128667 4.065408108078715
0.09799509697849618 -9.184226067605787
-0.20720548333878192 -9.068042830973134
-7.417885913356318 6.164258333429698
-1.8578813671003491 -8.431085232401172
2.0557247955032496 -8.441912651280894
-10.242605912600546 5.375425688356792
-9.551819106771562 3.765949878073717
-2.1756437539463023 3.2091134355682183
10.87111212457852 2.257471897379226
9.177668179357314 1.3523260055605764
-7.919253900628968 5.722256750089331
-9.70735815624842 5.781276546417059
9.407511172036706 2.404667638430932
-1.3202820392939247 3.2300565201479445
1.904389338864507 -6.9067763592989735
-1.6412069979016022 5.795050477719746
-8.842652680968703 3.6920059662718248
-0.053150465134998215 -8.050034121359818
9.154766991825342 -0.37463056643715453
-6.8142729365537775 4.861701673222526
-1.7771543820124536 4.728294185699967
9.956677492789648 0.5968768280397668
1.0357307945978707 -9.109506191278763
-9.337927316695335 4.983896681322036
10.00899302217872 1.8272749348578115
2.481225165800601 -7.533593332811481
-0.9639858923363083 2.8222132121182373
-0.8414559913287156 -9.713901882114168
-8.052787247568164 4.607113586396314
-8.43541629158566 6.08819798193422
0.20237017284305028 -8.215045172219375
-0.6518831413665546 -9.733853088553309
-8.549648078826774 6.3796776558527855
-9.935013259139115 6.768837370146462
-0.23451127826354018 -8.76945626129644
-8.199374288760893 4.071851312932453
0.28698182010534135 5.538582181400951
9.378099982362045 1.7426539108869852
9.430401939759747 1.336528056403369
10.438257728234218 -0.8405728061149995
-9.76035126996302 5.865136762515391
9.348846388619695 -0.9867917110818789
-7.998374657706241 5.025101593252773
9.188904462753202 0.9317287133173601
-0.5854440875175858 4.490769947355022
8.890863613889302 -0.046760784784983245
-0.549325250297245 -8.851787412170742
0.8345144628646736 -6.815343634528404
-7.500741061740653 5.695395410358557
-0.3560021258925471 -7.692804644260269
-0.01943555500853903 -8.064336656385183
0.2801992355364405 -7.271437460386244
9.290995859546637 0.7942601485797831
-0.3006622207499017 -8.684494603097999
-1.1355293580943828 4.003768224591502
-5.612767021798097 4.988285798708914
-0.38239580505384246 -8.536544149280548
-2.108137799694931 2.689994842429668
-8.693328717031857 5.371123195045993
-2.366137409082485 3.415459411504724
0.02723069765810271 5.484150285606931
-9.042290067315621 5.1725814423071625
-10.239274880179183 5.975434202862509
0.1545316631253853 -7.088887271256542
-0.9931067421646125 4.520634776889203
-9.888780031278177 4.952198539029478
-0.4801479221156125 6.01434146820399
-0.8325050233599964 -8.459109366023052
-1.0247613992922084 -8.442897462560364
-7.7131742420897496 5.509311225992269
9.98652461013581 -0.2617219073802515
10.518464646166349 -0.20250479228557672
-7.191741587503134 4.647185386714562
0.023545188766439296 3.423230623872856
0.3678170587481919 4.219819055687733
0.3506538265080835 -9.150064828290489
10.555288328861097 0.2668885951321833
-9.06158859647065 3.4760263727696015
-9.942242634616422 5.585252101408002
-8.173153797497948 6.817694728770922
-1.469469644696297 4.390743276588987
-1.9609490597688124 4.57591276923834
9.231655651783882 -0.44150168508451815
7.800889720718095 0.396017462581986
-1.4577844278421714 5.9696223507850315
-1.9172509887817972 -8.308364025305814
-8.659194751672576 6.0368805875581115
8.002087604104606 2.24682437467621
10.411085068866226 -0.242650282192848
8.57140265916187 1.5358446152135468
10.210289597244662 1.0947533796960651
-1.043165145206285 5.762740360704284
10.537866769501436 0.805788139815195
-8.173720306790063 6.409144130589811
8.828790370202695 -0.030298038239906955
-0.7046739469164488 -7.9669261055068805
-1.8748461385529376 4.0263968299530255
10.652671309359027 2.8028398869268405
10.48070416373119 -0.42223532241355777
-2.257892933894376 4.147668704595471
-0.5136586167814949 -9.08845136846101
-8.295543970914895 7.338722140195117
0.3403154384571818 -7.796108789547672
-0.6166551953469115 -8.360825609556697
-0.26100556940831243 -8.098963152027613
-0.20159988618093425 -7.540201572153431
-2.2096143503875894 4.503316925860969
-0.2637649829551834 -9.018699231631992
-8.082288519018276 4.155254187801354
-0.38117294201177077 -7.916386569211172
0.4928305250463272 5.516835213750951
-1.3130173748747473 -8.217530897589596
8.594299702179583 0.7849407438223452
8.53597242451844 1.8522241786456433
-7.6331009703773205 5.418389443549943
-8.37812324295435 5.358336066779614
-1.1243615237894835 -7.541954447549932
10.458719214115934 -0.5116131369011259
-0.5423160435001294 3.324225509900517
8.546443224465856 1.5083944156026297
10.559574039353034 -0.08825556493009046
-0.839203236268381 -8.253995683847098
-10.030121859369547 6.357101045356778
-1.425976685704235 3.310132682770732
-0.23405242921792968 3.3688750977802293
8.14363533602281 0.20945154083864748
9.306012974027857 0.08837424848103781
0.3277320411296266 -9.618972834856983
-0.181134796503704 5.336332492178862
10.107433844246483 1.0580778404317837
-0.3522633018888055 -7.91108943780038
0.4669952214317347 -8.363307568035204
-1.3803314533410669 -8.967800155585564
10.033355807425098 1.6557975991162586
-0.0015220996391692304 -7.739959561896912
9.400079761419114 0.9211783659792477
-0.04300927298331059 -7.133643405175656
-9.798475548102086 6.263579529760005
8.745765807828354 1.2612620017132905
-0.5181050895635432 -9.010301748909495
8.187917641320674 -0.7749559371052885
-6.976195096923273 5.315740608726912
-1.7417281535769544 6.037169369713851
-7.997496512263604 6.710666330461375
-1.6999909459499583 4.808208504353947
-8.904925368561996 4.955366013300329
-8.734098135197732 5.829835633194796
-1.5995470894090043 3.9258322834971846
-1.190025572008885 4.934354149160765
-7.328518294051223 5.251171662328271
9.716647995155865 -0.4734552282736797
-7.994048865009696 4.792224891266024
-0.7292052565738211 -8.352152238495147
10.040630035850931 1.0136476952073887
-1.4400000092169507 5.500338984753244
0.3703264447203985 -9.14806256232561
-9.901008972818017 6.322249080001758
-8.45934526754458 3.8047271030019143
0.35067595390486855 -9.309462695983159
-8.605244262133475 6.4472924818295745
-9.099263186487615 5.426827583606571
9.916592711555502 -0.3962138794893708
-0.37559666308797957 4.468690378015571
9.670496727120192 -0.3238081325342843
-8.37715962935656 4.762203474754428
-0.92080458154821 4.542447150431759
-0.06382227714261296 -8.945908341458551
-1.5992127328289785 4.919454535257891
9.823202303237249 0.6651385247560462
-0.33410327592790057 3.593977820254085
10.315301478033804 0.41645239936910394
-8.857257335452369 4.708518983781543
-8.204422582012969 5.07377122540144
-9.121939505413216 7.3459530841509375
-0.6220420451510055 -8.997572356472594
-9.14747939989693 5.542508394752219
10.713243858043354 1.9837775063618288
10.830403894723883 -0.014435511508275933
-6.613778540293711 4.101102202445698
-0.8927091380120172 -10.922020031335371
1.3825523499763823 -7.5906139767126355
10.179177346662724 1.6621768136193773
-8.14408436439313 5.42455226178548
10.39229830054398 1.7736638792040045
-8.492940604140918 6.226743881106077
-0.85606419512136 -8.543944806408675
-0.06558222519595991 4.035979710576605
-8.977076196741951 6.237489010706347
-1.1511905451071658 3.9892505516599677
-0.5379854861531127 -7.862238219532046
-0.35757089695085054 3.2265715145622225
9.61196973330988 0.6322226626459836
10.54821082130133 -0.4913793958781669
1.50414278266678 -8.67323476239971
-7.73745624587239 4.425459280522123
-8.673988475347572 4.812664560352604
0.3768166442283043 4.417119931280568
-8.640783949252443 5.368571912111522
-2.25802303730228 3.5860761727337094
0.14480633038934754 -9.07755563253981
-10.42581231106598 5.971706628618981
-7.985208796628171 5.960565845753385
0.5681218403644689 -11.312872586545618
8.007298985556563 -0.4097084270074358
-2.0491906578955623 -6.889646553256373
-0.09510119858193741 -8.147659912679428
-9.544726720515726 4.786167263370554
-8.413488364652354 6.574158469897375
0.6650222088856832 5.3680127062628715
-9.403158027627095 6.010172675918271
-8.677361012571124 3.3069558657074873
-0.38387033840134244 -8.580862952907074
-0.3320990369528241 -8.983956230609147
8.71661262747648 0.33553520540883
9.19142953726535 0.2892192225294731
0.7051827970942383 -8.352899243036507
9.046880227520397 1.5607160923131385
8.667830131899573 1.1072960991296243
7.953793115691011 -0.20645974387501909
-7.534982443562184 5.745441707903885
0.1314080173839307 4.509233368289759
-1.8180856969571544 4.502332297115363
9.056103054583177 1.020103575464582
10.943159719740667 1.7971652877242967
9.721115700654883 0.8438701345547659
-9.004687964445495 4.476413456596713
-7.819128508817746 6.492728149622826
-8.716583291193404 4.145134432311503
-1.8918451231383135 3.9413497197747023
-8.533835655539537 6.386061186415365
8.040652230181959 -0.30090927741679896
-1.85750872096603 5.486719081483903
0.7321169820130445 -8.157967427831721
-8.86422069388242 4.752453207674485
-0.9285325051326345 -8.745728898663147
-0.9632668810665987 2.9146188675385094
-0.8748905030168547 -10.203019601770562
-0.85565517277933 3.972656643445311
-1.0906510579403332 -8.880439191527648
9.51416779495717 1.2803680422653798
-8.556946518405464 5.670883528437322
8.85985794246756 2.2999124573256164
8.632174226443544 2.9574348341488603
0.7247050131968304 2.219672337516127
9.222053866108565 0.48696906409668994
8.159862229116666 1.3814985142783338
-1.0866540399038698 3.7567758093478543
9.415905932516235 1.500627544077698
-10.06208266891125 5.8563486798451505
-7.185630653762463 5.010113038739986
-1.2508220399762966 3.8291656807032712
-0.8717776872748662 -7.588704919563575
-0.41821982238821054 4.33865750929514
9.721715527423703 0.8548988886798069
8.309378282221843 -0.21592840520828316
-0.9974973159520308 4.39468743268328
7.705107370141414 2.8400049761978616
7.705795374620313 1.9013093041640188
-1.183045217066493 3.4367686182774326
-7.8776936592725715 5.544185658779748
-0.1254608744873383 -8.623475502965107
10.463573977486755 0.5518911269115288
-9.827301766427947 4.655703488159638
-8.747217018766635 4.774915760786099
-0.7347636619079749 4.84579648841259
-8.490663757825919 4.408625840143721
-9.610971000686055 5.281510391579617
-0.16406501514189897 5.557137800817317
10.921442819781653 2.4663679362131985
-1.4929880046604773 3.3933166172497122
-1.6973585418465613 5.041876483914647
-10.124909801926695 6.133805201128384
-2.1751325540289725 5.091986046885327
-0.45473736152695765 5.618473201780156
-6.291874645322162 4.7682486878520045
9.988514288339303 1.5620377289847247
10.332709900324605 0.0057151452129600155
-2.3054745230304787 -8.2453182757573
-8.179020508675313 4.86212655399805
-0.3196194043312651 -9.876720489093213
8.367717830039084 2.0557868605054828
-11.556338978238518 4.080375350840854
1.3610372694153052 -8.783857856111212
-8.544289337777307 6.991303161731613
-1.1783907292827331 3.6190696093289416
-6.561815350188915 5.835677691439487
-9.095623728318515 5.789048910081345
-1.0082071867773805 5.353581187708036
-1.555457716139997 -9.323022768001753
-9.074916890837272 4.6101906265374195
-6.636039820322731 5.606801444768825
9.251336352495494 2.4004357644919114
-8.754942125334274 4.062273548589818
-1.4156254915612168 3.055956934495807
-3.1463556151697407 4.577572767464616
10.766011094587427 1.4005979700257545
9.881336432578404 3.003825636978288
-1.9835348158065247 4.855104369321469
8.829764387726799 0.6564425601035476
-0.12541303218310018 5.205993144448088
-8.952252092325422 5.983762382696942
8.166013660105884 0.9719748579766823
11.752368885305131 1.662997460191752
10.191759203491904 0.4478676923218053
-0.1915119222391754 -10.736556803852555
0.3258477687334478 5.093459404496803
9.707709932775288 1.32682114669755
-1.0561598240723409 3.2857654397089844
0.3451998387927764 -8.326556535883533
9.332897051585153 0.4615021578451565
7.598522369526754 -0.10787769755020027
1.2084415693850883 -9.820645752163648
-1.617307371824178 4.414155489305554
-1.9570623219115935 3.8971123239462555
-8.79724583616486 5.752720831229858
9.155352570719204 1.2985370934236828
-2.3617210396082653 5.084752465919173
-0.23820422281602482 4.821100744043315
-0.17049997203131512 -7.162610287910071
-0.44907138867880847 5.222766601686566
-0.45318116160330435 4.618731252917482
0.979259475314245 -11.464708320608565
-0.1917933040799297 -7.946816168821773
10.289726159757404 0.8255330924718967
11.050218234520909 1.7700096366254754
0.662320732336549 2.760673920458162
-2.9689867472307605 -8.796244669520481
9.976197774925543 0.35153558978558896
-0.1102584738564154 3.791444201799674
-1.7043558703881043 -10.021099224412051
-1.8246049939783773 3.6025837919631787
9.983750351238124 0.9300415772573232
-0.6628414901657831 -9.426333787895684
-3.5013197326307695 3.8523783034108647
-0.7390830150332928 -7.786726220847099
-0.5980301108379211 5.360488318099586
-7.688977613218951 6.036689152150426
-0.06745690130123547 -8.160139541199172
0.8916582376020368 4.629541504677457
0.46890978981857656 -8.356689068402114
10.351717627633477 2.5283497594247177
-0.6774870510764229 4.013367935519914
8.538188411683558 0.9610995875054954
-1.1985454903955213 5.485590784303518
-0.5317480075200611 6.417916105627366
1.5209714113167732 -9.33244672508746
0.11808911173731484 2.8565386422763535
-0.8120486746436896 -8.33112578707001
-0.35778645646807755 -8.354305221062416
-8.519220242381502 4.147697145655718
0.2922514910688241 -8.56580059480176
-1.2560676900270689 5.550277336813705
-0.14459467423049888 -7.573545609785725
-9.915377929159321 4.254747279911826
-0.4618522478915702 6.35297765812723
-0.9656734714163833 4.708569423339316
0.3594721942994873 -7.562366187644907
-0.302557490057285 -9.264341882360364
-6.7943148049195266 4.995865229858984
-1.8212290495453716 5.097463154854228
-2.4961945112478143 7.063948969414375
8.403794193123128 2.2691230715554775
10.822178473156265 0.6765460654684341
-0.7687074869829508 3.2926644667323353
10.189728139091454 1.7243126935737032
-2.5144259855737454 6.1456111509092315
-1.9673632132846737 3.9280429842746223
-8.141859997032357 6.333402429179653
-7.013462439599622 5.660952211148973
9.800013531630158 0.534699008564893
-8.058331598222846 4.674831188089075
-0.9763873487335528 4.618599006103893
-1.1995822729566756 -9.820910104954573
-0.7000389685418044 -9.856954415070971
0.21847301922663126 -7.371444553354668
-8.38567928792246 4.261855294846598
-2.972435032410217 4.964184529056387
-7.968534838324104 5.3370194296106455
-1.458513310450256 4.700729635153316
0.46344985083741924 -7.785851641353008
-10.5264697207962 7.6621713958651405
10.160487702348815 -0.9206434207226029
10.898078084102327 1.6680777028557392
10.209103452830236 -0.6986356931879203
-1.3030334370554317 -8.279421243647239
-8.70401235746547 6.593309554245499
-1.3596662449261285 4.324591980790527
-7.79060549279866 5.178440913211997
-1.1585423233891292 -9.52202874135934
8.673668388565044 0.594125545677881
10.83445240632108 0.6025548736285443
-0.16410269343037842 5.53191372778235
-5.8352954105203585 7.580561175286842
-1.1981720568554404 6.087872776134885
10.092226799019146 0.8554934891563559
-1.154851631803977 -6.786042585890907
-1.9940441482451434 5.160660056901845
-1.035143050953881 -9.408004889438617
10.996509862259893 0.7078434127968695
-0.6653704912737546 4.807233765042858
9.740983340217205 1.0031603443125323
1.1914808980801914 -9.418608482149219
-9.128626079600823 4.8117703216136825
12.140814509714948 0.9877704809418375
-0.22450638358761918 -7.612892627580928
-9.190972308891876 6.510638745654768
10.964070878269496 0.32677380599797656
-0.3249023486527007 -8.273490211713348
9.417654742072958 0.3266688161543135
-2.2357933632408287 5.9479762324014525
-7.136514184583351 4.894298668545511
-6.9491660835131075 3.7220492487718007
1.1011839671723547 -8.355384585820113
-7.8880493698366445 4.001818031534155
10.59389750792399 0.5491547456127261
-8.84514637512959 4.984852260845848
-1.4575217122699837 5.428474376191936
1.2789960119216297 4.944424736756832
-1.9765882364100311 -10.113696619828803
11.588250165622082 1.2179240403526745
9.872735824955168 1.8641752870796728
-1.6658814370316988 3.6358179459974784
7.983259692339637 0.06798568821365358
10.112910067722979 0.8656378670447561
9.774205986616728 0.2038066652161442
-0.8313988142872155 -9.738092994556467
-2.744212702636319 4.906775401916815
9.905614668561709 0.5369137435358642
0.01776234225202522 6.157689353170302
-1.8603370732834132 3.791864318740623
9.970290848750317 0.6088726082202269
-8.941992398172243 4.602359936087929
-10.182173415687911 3.7952771863225516
-0.8753867417189038 4.454014412933388
-9.382460078994242 4.4391887747383985
-0.5882032564604837 5.153618533093382
-9.815199839593337 6.484096651468764
-0.9476881630786973 -8.138241806502078
7.820342889480418 -0.5802224582397437
8.400508275249159 -1.0645523315897385
-7.939386004796859 5.232123316559238
10.809226467671305 -2.3068034566555418
-6.691204952879801 4.533992535218373
-0.4742374365405908 3.904728148075992
7.829804761212721 1.0925704516487462
-0.3372022637288272 5.127324427655518
-0.21481087320490996 -8.203112115414822
0.3658759387979485 -10.100147308419007
0.8552854558494577 -7.395754830190203
-7.974331464029925 4.874491158206629
-6.707673334591522 5.268962092889228
-6.213887225894595 6.467415174056119
-1.1674377769200919 3.6385415472187392
-0.30696755197776665 -10.194114301112657
9.319636842127276 1.4781074428500505
-0.768565683197498 -10.488349362382396
-1.2239003668335504 3.4216598630930104
0.3214477789789209 -8.00637970477494
-7.452864961717383 5.102513916188155
-1.0978520728979952 -10.78328038798944
-7.903860864066427 5.9474843190445155
-8.474724598378787 3.8436515384568724
-0.038566230530298666 -9.313477614536286
9.450096825529174 1.2311145656143534
-8.35183558928706 7.377402076026729
-8.900678303233896 6.3839278263404005
-2.3538146127705026 4.761287886635438
-9.160843455911126 4.250063384642366
8.554478417524866 0.4219082844841631
0.16809760841546104 -8.203467517306722
9.01247506020052 0.5872517825389256
-0.22127437136504668 4.318943587878688
-0.9085080227892917 3.6507810070531237
-0.05088392662904166 -7.34147679703417
10.349534275802835 -0.7152354138029635
10.7263693958141 0.8005270533836766
-8.835502525185822 6.38688041891929
-7.381895410276033 7.3127560916713845
8.60593854146849 -0.3941559083883197
0.2730071449468802 -8.469070881383587
-0.11858280300406143 -9.887586969564174
-1.1767686371603563 4.271677676547067
-3.0922742278988613 3.973976325975587
-0.24833398104799126 -10.596426375353143
11.425964322810954 1.5960969729924472
-2.5560487517722414 5.908627659248411
-9.088892756723073 6.363071949846761
-8.151316455862064 4.159289273589037
-7.836721379708416 5.728998822064546
-2.5137735534889862 2.628081426723823
-0.29945633142410033 -6.708313972938611
-9.303883690591494 4.067977150922957
-8.666689672870637 3.8203629918437843
8.562825538928289 0.9803419998109362
-1.726031180261235 5.859277806213494
7.32640941629945 1.964141966806745
-7.04711305587202 5.755219828506476
-1.409098238506778 4.632528594706496
9.916606072966427 1.2325129036492808
0.15542909653759163 -8.872979373607889
-1.3834004810770746 2.7005665953951943
-8.090712360763344 7.845970897609993
9.319933322215192 0.7853866585852203
-0.21754614130174288 -8.65541482135949
-9.156206563151432 5.220956808026198
-7.291498985691186 4.419871775979718
10.863568553896366 1.6498560636986443
9.225807937150064 -0.7104865544624912
-8.543427719277586 5.42311382850534
0.10257465973391416 -8.86513713125181
10.304157582501379 -0.8693728240408838
9.044828091998312 -0.7246864823328492
0.4121762556070277 -8.220831960561268
-1.0046156945786162 5.594258138891835
1.5970604354413294 -9.143699157182681
-0.8523609995474422 -9.11828432937732
8.980723128065108 1.9581233412071983
-2.9755835810901448 4.340081394078625
8.067299942533317 -0.1202502306249853
9.39783750742036 -1.0273299629114059
-2.1153832945867292 -9.826230921653497
-0.08640477059755002 -10.154145484664802
-7.424437663177601 5.1819015262822745
10.070849243201538 0.967426932694762
-1.3507712432933157 3.971079477555259
-0.45852069605767287 3.7231816348928795
9.655228310409319 0.22576556961158467
-0.03442340993699444 4.3265624891212155
10.335864470478391 1.4534859082032634
-7.267552018405009 6.57893282964026
-0.5854115782716245 -8.41851948813837
-1.290572688777662 3.2558504416354035
0.8574339729461985 -8.567725119232348
-0.9561599816575026 -8.7780226812035
-0.9240572015266717 5.919887912816285
11.03258920926578 2.3309883255887307
-0.5111686618510332 6.055416803428525
-8.451589473980295 5.169307251246301
-0.42594203907010275 -8.618849903993814
-9.717351726376872 5.083448622098582
0.8096040134419822 -9.178720307908693
-1.2533398406001104 5.774138385909002
-1.062348646231401 -9.532577638911654
9.239832895065607 -0.5513138482460611
-9.329507996902391 6.096575389144337
0.3709742288023938 -9.980845656993054
11.314994271312475 2.4644161081989235
-0.1913616774515632 -9.224731538339995
-7.791005273848657 4.858080203395931
-9.414113326759798 5.467100194709794
0.2754251682783515 3.9767827096819515
-9.114809770060655 6.280235664893945
0.8357585286341321 -7.640619952347604
9.104266718915625 -0.5585251700517366
2.3862019284190135 -6.285732348034268
-0.1970661566504837 -7.621048077359896
-7.509633728129447 5.882012268637083
-0.0880018936364344 2.772316555595205
-7.748852239316391 6.674138305108747
10.700263820428653 0.9671250005088184
-0.1040066258839705 -7.5432463763112825
-2.1515611355920248 3.177929871708677
2.0250210621830558 -7.786526027157634
10.508000969722591 0.9045696917134911
10.756636218723528 1.9331377627223032
-2.3345730969186924 4.6827163478221845
-2.7074280285031254 5.250788780351734
-1.5172188748869393 6.12772833989122
-8.999263931993776 5.882684778134424
-10.157231056158945 6.613390780263183
1.326091674430083 -8.244120604126312
-9.09075616161133 5.236093616382569
-8.994806547825169 5.808097901778893
-7.12754493606127 5.908064962336812
-7.835581752846359 5.820057683376765
-0.7793880232115031 4.764486150607778
9.029388976127077 0.3506110576465034
10.40338923082392 0.31075840040005553
10.696560836668917 1.0972960259571654
9.239512061308167 0.4982601978755665
-8.582687894366854 6.122887677461535
-2.2990606857445224 4.133460684815784
9.482492333882542 -0.48632112344074896
10.252493199752513 1.375002613866128
-1.4978792701707666 -7.4819311787960014
-8.160185644343736 5.199682563197799
10.955350214855217 -1.237963685960917
6.8761684732072546 -0.7648767261204641
-9.216387737725423 6.670845976377788
-0.6329275888227142 3.4219032470846615
9.985391125998799 -0.32596512349330964
-8.002056453394074 4.4968762180772215
-1.466912676338272 -7.228666044616006
-0.09649794910777709 4.5561548249366215
7.207864286195261 1.4525540964593369
-0.06710093695016518 -8.189632607699433
0.711207371243483 -8.528726396032356
2.166328342091655 -9.557885713965595
10.581105597411865 2.2802803766555853
8.654630152499575 1.0922318125349315
-8.486076399127299 5.522712383315227
-9.235858880072163 5.902683014731169
0.9452285727121357 -9.271281893390602
-0.8676863282812988 4.583337335919354
-8.782438451158233 4.651028147618925
-9.513965276306052 5.621153812221479
-8.860974155807245 7.627448065563405
0.2879215668423355 -8.111577413111238
8.42773878298482 0.4367585935252297
9.695497702911144 1.6281172822956376
-0.7230521135105924 -7.606492665514795
-6.571906068121024 2.774545278440904
8.944830036303529 -0.09505748942303927
9.216638203083473 1.370548416583662
-8.669861524828821 5.007606025939157
1.1884438858516193 -9.169813676496606
9.791566934234982 -0.8471051878552802
-2.159631081315001 4.147901951194511
9.559368694837994 -0.21090165762184887
11.635822358566674 0.5503245633503007
11.38163386283792 -0.7746687382581423
9.890053212660167 0.04090254410655836
-1.3808230829225796 -8.536520400623216
-0.10574186200835722 4.63979437146939
-1.3061903383696083 5.197082714171428
-0.6636883175233761 -8.59854883156122
-8.606621747759656 3.698514525519945
-0.6391356594785714 6.821170857128646
-1.3436159094354332 -6.421835014288277
-0.9275892377525711 -8.126058017334818
11.923170001126579 1.4077545186677722
0.5502009111723919 -10.64276339347079
10.733601009364417 -1.6641716629650696
-8.879062067948542 3.3100607428305704
-1.924784774273834 2.9777764032208474
8.472417771712465 0.6526872394585248
-9.338324204106602 5.9727461945398685
-0.809819130345969 6.566429565295225
3.5224783652547447 -9.33300655872727
8.828204727583499 0.4352182120750739
-9.667426134779038 4.5483590337269195
-0.1102476648028197 -7.927403739929779
-0.10502840824051685 5.891570349037471
10.382437411538472 -0.7181136299985844
0.3879881619914365 4.821784687862563
9.716647968361952 0.9481670682793476
-1.3738955830616764 3.9387812637345796
0.8257514723404759 -7.604603629968267
-0.04753115053881529 -9.427777323988636
-7.985551956404876 2.8368583767319024
0.17318883597664692 6.055076444294215
-0.8412636537046193 -10.262422863468865
-1.0381653665566217 4.627503749387988
-1.1277768807152995 -8.187878944612924
-8.57304344281366 5.4627313062471075
-0.6877576043328941 4.190701215656327
-0.7558499524125353 -9.964541976382646
-1.0410978611195318 4.197319506273589
0.4869798022800938 -10.296611609402868
-10.384583090143051 6.234788703781612
1.5249795990479802 -9.945682518039199
-0.8881641248084068 -8.381110024420245
0.38012943772367014 4.571208258788049
-8.732150545758467 6.736354904896356
-0.7773117385069437 4.350249332214052
-1.0912499139705307 4.300261498629105
0.4967777568864589 -7.742433515340874
-7.847205014690385 6.603724224929526
0.03262762942314801 4.7708482996861905
0.6026589431780633 -9.423381081052359
0.3926722765469135 -7.988263532494892
9.163136820993694 0.8247556018492708
-9.290914459349704 5.790683543621212
-8.57344484441572 7.297913141548974
10.639127640765327 0.03986933209946064
0.8615718253714952 5.153195049912449
2.4901301314902753 -9.28044961523121
12.567125230083484 3.349373341591748
-1.6227744489111742 4.129463140920302
-0.7930441445783422 -8.798262176978332
0.5701623576379757 3.929337219911993
8.954895480235383 -1.2917663277990936
-0.20127257436428736 -8.878817240569774
-7.925089092742526 6.275004834358179
-10.779017486122063 6.501781833767728
9.116295111125018 2.63226066663006
0.6666928599481526 -8.052324519720585
8.302939634154772 0.8928071906696708
-1.36386947191887 3.726947320119111
-9.17042522817946 6.181346148088248
8.324298171916425 0.5793371546282886
10.250960375070104 0.9064113200908497
-1.6106337623620304 3.797452495473023
-1.8957331424564305 4.507963908810847
0.6345523899472875 -8.166692741621931
8.911392324958863 1.4174826195163888
-1.8157014924041515 5.668243816622198
11.087974856321985 0.347420878447621
-7.928229592453988 5.7166749624870405
-0.7797912641216967 4.410097050335676
-8.070274339465321 5.471689006594325
1.5465874845586318 -7.906695436755845
0.9386472358819274 -9.385186485256698
-1.868440982611227 1.4689874137419485
9.620488274675226 2.0236666833871855
8.948559421063583 0.7166630153573305
10.743913414217506 -0.15147880031481686
-0.2859665215325461 3.0248756241962713
9.600561256981303 0.29348185859797005
-9.908797678556411 6.099999967983334
2.3804551294155387 -8.449340566583036
2.550442498699094 -8.47526739449503
-0.5993317035010268 -9.21666448202716
-6.9705156921039455 5.385642877784732
-1.6206696029068715 3.6955557098205087
-7.541084519402465 5.45010882086108
-2.1962845309194825 3.042538091458221
9.854599413068446 1.6110447350280592
10.863161641028691 0.4768107000561451
-3.099392106433844 4.807354509637501
8.47705315657019 -0.6968590628363944
0.24839197074264818 -9.829891504247012
9.815605813118617 2.1657643411606133
-0.7019208796749862 4.725008190640824
-7.229192439553031 6.412297280366231
-0.4872353961340763 -7.660550886560717
-8.761818079041637 5.898184197072193
-8.668715715329146 6.190761087403751
-1.9433995874859984 3.498937667653479
-0.7745278000515691 -8.03782101722284
-7.9959085168616495 5.2847413061677475
0.09216067721012555 3.9814842296167416
-2.140071223685305 3.5640619885273894
-9.84369393150005 6.329530230229683
1.35839314183026 -10.33728631698311
-0.28333912128568656 -7.56228073869009
0.6996649225834141 -9.137205394344843
8.872812621744284 -0.9703427550248409
1.3003314542203626 -7.915821951557721
-0.39389353802079474 3.2945855302454112
10.45018395237875 -0.5088190482224224
-8.581501285994184 4.196951175074916
3.7653004260861915 -8.296148981434063
9.02330893254201 1.4724384392694498
-9.037127071242198 3.384706083153875
9.24899128115504 -0.583026746408009
9.598332634999103 2.780319478665353
-0.3469274176743542 3.5601853097894756
1.468703869647894 -7.547484959477818
0.3357898048520282 -7.869828358760326
-7.4561762068573625 6.198874360721843
-8.053033233746213 6.370353273804643
-6.823134521334381 5.752711380258651
-8.523506475280485 6.31693260498213
-0.2543819090021659 -7.297402750210548
-1.6474593694315274 -8.090964060110386
9.900580963585897 1.2556656745493084
9.658322788612814 2.4050698971584064
-7.480291322574748 6.910637608301887
-1.8796733190967279 -7.560072014105279
9.66582869328476 0.053042933125166725
11.86549919259427 0.10082233061853485
-9.653238896213562 6.418387763659865
-2.7218891589899474 4.752259416195282
-8.49078270803319 6.138114336744337
-8.365185841026126 7.03661536553605
-8.600743361531547 5.079238543654067
-7.391427452797641 4.790978163273133
-2.0072204410386085 -10.735719531456066
-2.7303599925810103 -8.537002078251792
-9.905538327140146 6.032285291141673
2.951783766917761 -7.422083878081776
-9.678054058120589 7.060351472015817
-1.2045084001927884 -8.287772766602979
11.482681136496641 0.8819618510708274
9.5525930315349 0.4290743280359436
-1.447776101447835 -9.35042731758344
11.100447159963442 -1.573641523243141
-8.9174780430679 5.426192558246333
-1.4159351965285265 5.397434833989532
-1.583517801199479 -9.751078877662879
-2.007456520557005 -8.042485223770742
-8.486828683978473 6.991375974798796
8.353946245221225 1.2512732461969582
-0.4715509871758302 5.2606603027858805
9.417744668434283 2.510169914418707
9.03917583568732 1.4375014891972526
-0.8623932558553512 -7.929313761850963
10.902784476421687 -1.18944653346458
-0.7136255575331721 -10.568992237544771
-8.581821883850235 4.874510063750581
-8.469101112967005 5.2532407595524
-8.357274272785487 3.7445699732945865
8.072699977588547 0.8457487329241943
-1.5843719094571556 -8.724786927942453
-0.106277670968484 -8.48278145037495
10.275518543148188 1.4245466916537273
-7.40214985174168 6.5024944628363155
-8.56860966296075 6.791461767146304
0.13236696457755645 -6.886627428294056
0.6385316438054454 -9.379949737961185
9.494786161954368 -0.4169393334543714
10.009418051807344 1.3495747294721532
-0.0004995394733076433 -8.253354937413487
-0.42860912663961137 3.0842965034888543
-1.818084069268962 4.651984693198956
-2.10906664823238 5.127857794592707
-0.15974612068632477 -8.359068583291965
0.2778819345178137 -9.109673808155089
-1.0300337888091864 5.492283861937279
-1.6194476801658415 -7.805343753732711
-1.4941423535375966 3.1875456366883133
-3.1010956101846414 2.6884885054844965
-2.180382987365248 4.516871159525854
-8.200395394589831 4.849310108856767
-1.5025061713941166 3.9314947548584698
0.13307344005933686 -8.90206850414981
-0.8909346814009362 4.764004715050854
-1.9161445612847574 4.2591728885196
9.590509403065425 1.2057035433898888
-0.786698485579091 -7.875762154457529
-9.042554107109892 5.457525041918287
-7.869202928637389 6.534387545033404
-1.6029302223845145 5.2338441438282075
-2.4661802915059243 4.153875585328823
-1.224767682074507 6.023338753034416
-0.206634445253037 -7.593893753139214
0.42213416241766977 5.0512628534384545
-0.8106967029644543 4.652343057207355
-1.9592357246510115 4.332408577816248
-9.066225805310607 5.637544494529876
-0.28637424849902765 -8.787900354120906
11.144175173271787 2.19331257535303
-3.276997900873443 5.076388101205742
-0.46227305937640134 -7.9076792086690535
-0.7051654489747666 -8.332169883953776
-0.6000968038519019 4.642015257589399
0.20157087485993488 -8.537245449454373
10.335013962434637 -0.003157547417630302
1.0375623250102577 -9.234913700428724
-0.14834918305512315 -8.21274239203292
-0.709480145408129 -7.065503456503126
10.023835762191046 -0.028618502101802612
-0.7872688347284622 4.28825517920913
10.320273011972318 -0.44119018354964856
0.22068317964856143 -7.773355784765251
-6.931351062251903 6.677921690256215
-0.7521518166949832 -9.37567540662186
9.63214475443292 -0.7240648736129132
-8.989876712662882 5.907536697495252
-10.538249015642032 4.9362165051354845
-1.9075908720052988 3.4462329800172267
-0.41767213423153526 -8.174473028198102
-1.6046417954443886 3.139521948626748
0.0898222771206365 4.164350811935596
-0.9999581740123433 5.395446444522601
-8.31447670004206 6.386174636443027
-8.606211410087703 5.288899504213412
8.145431800448803 -0.07427913772043149
8.873755370857852 0.37960130307217843
-0.8324978304970603 -9.003536463581971
-8.784284219127624 5.910429636704854
8.888390553317068 0.42399703982519177
-1.2809408250487813 5.098441742408964
-0.4771551383742647 2.3335106446941563
-1.055820422894335 -8.810281724196482
-1.9792047621731883 3.68672066291741
-8.37240022730924 5.8509535803576105
0.5791554322600008 -8.767526791072223
10.66930061469715 1.075592409255952
0.707850522062701 -8.683948052754126
9.935904147457519 0.5819390412188074
-2.6706031650208546 3.3029760694787287
11.189974024694946 0.9374167790035639
0.6192521790449074 -10.359666459231516
-10.77308309043006 5.672207702377235
-0.28889360901707606 -9.550031922481004
9.309882637494997 0.6715833275650395
-0.998189258197571 3.7168922843823986
9.644728034722116 2.6305088799015
-1.739122660766351 4.338063735954539
-0.22826030000258446 5.027459559574639
-0.3027850031678318 -10.334078947526303
