100
0 1 0 1 1 0 0 0 1 0 1 0 0 0 1 0 1 1 0 218 1 1 1 0 1 22 1 1 1 0 1 1 1 0 0 1 0 1 0 0 1 0 1 1 1 1 0 1 1 1 1 0 1 0 0 0 1 1 281 0 1 0 1 3 1 1 0 1 1 0 0 484 0 78 0 1 1 1 1 334 1 1 408 1 0 1 1 1 1 218 1 1 1 1 1 1 1 0 1 897 

2008 

2340 
1717 



1846 

479 



2698 

278 
465 

25 32 39 43 47 66 88 142 146 163 167 183 199 205 218 235 243 244 259 274 280 284 304 309 325 326 394 398 417 418 419 424 425 450 455 459 460 463 471 482 497 501 516 518 536 540 547 567 571 579 586 588 597 616 624 633 639 659 674 692 695 739 771 778 799 826 836 849 856 868 869 879 915 935 936 948 953 958 997 1002 1025 1033 1068 1077 1104 1112 1137 1182 1200 1210 1214 1223 1224 1234 1237 1257 1264 1268 1280 1335 1363 1370 1417 1418 1436 1437 1466 1506 1550 1598 1602 1632 1635 1652 1654 1668 1678 1693 1697 1746 1764 1771 1772 1789 1792 1793 1804 1814 1863 1872 1879 1898 1906 1925 1963 1984 1998 1999 2007 2009 2046 2060 2061 2072 2077 2090 2110 2113 2118 2158 2177 2190 2199 2230 2240 2285 2294 2328 2330 2347 2350 2367 2392 2393 2395 2413 2422 2430 2438 2444 2446 2477 2485 2490 2518 2540 2546 2553 2559 2567 2568 2570 2579 2583 2605 2623 2629 2633 2652 2667 2684 2716 2718 2729 2753 2762 2763 2769 2796 2800 2806 2826 2833 2848 2874 2880 2885 2893 2896 2897 2903 2907 2928 2953 2954 2965 2990 2996 
2469 
1877 
1063 

1240 
410 485 553 664 726 745 843 875 886 1079 1123 1321 1516 1528 1665 1798 2147 2445 2523 2609 2783 2789 
2472 
2945 
1160 

920 
2857 
61 


1873 

2935 


185 

401 
592 
1017 
33 

1406 
558 
2368 
2170 

1228 



1003 
350 
40 46 56 60 72 77 86 102 107 110 114 135 141 156 177 222 228 229 255 282 294 311 312 324 334 335 339 347 360 362 363 383 396 406 414 427 437 466 477 478 486 487 491 517 526 527 528 544 561 565 580 589 610 611 615 625 629 640 651 652 656 668 669 678 699 703 710 716 730 748 757 773 800 813 819 837 838 846 853 859 883 900 918 922 963 968 980 1007 1012 1028 1029 1042 1059 1065 1067 1086 1096 1102 1119 1121 1138 1147 1148 1158 1175 1176 1179 1185 1195 1219 1241 1249 1255 1261 1271 1277 1281 1294 1308 1316 1357 1359 1362 1380 1396 1405 1415 1425 1433 1442 1456 1461 1463 1467 1490 1492 1507 1511 1564 1583 1590 1606 1623 1631 1660 1701 1718 1720 1722 1723 1725 1727 1738 1744 1761 1767 1783 1784 1806 1810 1829 1837 1876 1895 1904 1941 1942 1950 1967 1989 1993 2014 2019 2026 2040 2042 2049 2054 2062 2064 2092 2093 2100 2134 2136 2149 2151 2155 2161 2162 2176 2181 2191 2192 2196 2226 2235 2241 2244 2247 2260 2263 2271 2283 2302 2313 2314 2326 2327 2357 2358 2363 2370 2379 2381 2382 2387 2389 2400 2404 2414 2416 2419 2437 2451 2453 2466 2488 2538 2563 2564 2591 2596 2597 2611 2612 2614 2618 2631 2634 2641 2643 2648 2665 2668 2695 2696 2699 2700 2713 2717 2731 2740 2747 2748 2752 2758 2764 2791 2807 2822 2828 2842 2851 2860 2861 2878 2892 2895 2899 2908 2912 2915 2917 2920 2929 2942 2952 2962 2984 2997 

1586 

2089 
1736 2189 2512 
2168 
1252 

198 
1211 


7 8 14 38 42 44 51 52 54 58 65 67 80 83 84 89 90 95 98 106 109 118 154 157 165 169 170 175 197 200 202 209 216 231 232 233 234 239 242 248 251 254 258 270 275 289 300 307 310 318 327 333 345 346 355 359 367 377 378 392 400 403 415 416 420 431 438 442 443 456 464 472 474 492 495 498 500 502 505 511 515 519 520 521 530 546 564 566 574 578 581 596 598 603 622 623 641 649 654 658 683 685 696 715 717 718 720 729 731 732 738 740 746 758 761 763 765 766 784 785 787 789 790 792 793 797 804 805 807 808 810 811 821 822 833 839 840 841 850 851 852 864 867 872 876 887 896 902 904 913 916 921 923 925 932 938 939 956 987 1000 1009 1011 1014 1018 1019 1023 1026 1060 1070 1075 1087 1093 1107 1108 1109 1133 1136 1149 1156 1157 1163 1164 1166 1173 1178 1188 1189 1193 1197 1205 1206 1209 1215 1221 1232 1247 1254 1258 1269 1283 1284 1288 1289 1291 1306 1310 1314 1322 1333 1341 1342 1343 1347 1352 1354 1371 1375 1383 1387 1401 1403 1408 1410 1420 1427 1431 1439 1440 1441 1443 1454 1457 1464 1468 1471 1472 1475 1482 1510 1527 1535 1544 1554 1556 1559 1568 1570 1577 1582 1585 1593 1595 1603 1604 1605 1607 1612 1614 1618 1639 1643 1659 1671 1672 1680 1685 1686 1694 1700 1704 1709 1714 1728 1735 1749 1754 1757 1758 1763 1768 1773 1778 1781 1788 1790 1796 1800 1803 1808 1813 1817 1823 1826 1831 1832 1835 1842 1844 1849 1851 1855 1865 1868 1871 1887 1893 1894 1899 1901 1917 1920 1932 1933 1939 1947 1966 1968 1970 1975 1981 1986 1996 2002 2006 2015 2017 2020 2027 2029 2030 2033 2034 2050 2052 2055 2063 2076 2097 2101 2102 2104 2107 2129 2132 2140 2145 2152 2153 2156 2163 2169 2184 2193 2194 2205 2212 2219 2232 2243 2246 2252 2269 2284 2286 2289 2291 2293 2297 2303 2304 2305 2310 2311 2317 2320 2321 2323 2331 2334 2335 2337 2348 2352 2355 2360 2366 2375 2391 2410 2417 2424 2428 2435 2443 2450 2457 2464 2467 2480 2489 2498 2503 2514 2515 2522 2535 2537 2541 2551 2554 2555 2558 2561 2566 2574 2575 2577 2580 2582 2585 2586 2607 2637 2640 2659 2674 2676 2683 2692 2703 2715 2723 2735 2742 2746 2754 2755 2766 2771 2776 2777 2778 2779 2784 2803 2813 2817 2827 2829 2832 2836 2838 2844 2850 2852 2854 2855 2864 2865 2869 2882 2883 2884 2888 2891 2904 2911 2913 2921 2927 2932 2936 2946 2951 2957 2958 2963 2966 2970 2976 2978 2979 2982 2983 

20 155 162 223 224 271 330 354 422 430 454 545 548 549 655 736 751 767 776 780 782 880 890 907 910 975 999 1010 1073 1092 1168 1218 1238 1273 1312 1390 1393 1458 1473 1480 1499 1505 1513 1526 1622 1630 1634 1655 1661 1734 1786 1791 2010 2022 2057 2073 2124 2128 2172 2198 2276 2287 2290 2362 2406 2433 2521 2581 2589 2655 2682 2728 2749 2802 2859 2877 2972 2973 

0 
688 
31 
1524 
1 9 10 11 17 24 50 76 92 112 117 119 120 125 129 130 139 145 152 164 172 173 174 184 190 194 204 221 227 240 245 264 269 272 291 299 323 341 356 357 373 375 409 413 434 436 440 445 446 449 458 468 475 508 524 532 535 576 582 599 601 606 613 627 646 657 667 670 672 677 684 687 693 694 697 698 708 709 737 747 777 788 794 795 796 817 835 844 845 847 858 878 882 884 891 924 928 929 951 960 973 992 994 1006 1015 1030 1032 1034 1048 1051 1062 1069 1074 1100 1101 1114 1122 1126 1131 1134 1153 1155 1159 1162 1180 1184 1187 1192 1202 1207 1212 1216 1225 1270 1274 1282 1304 1307 1311 1315 1326 1336 1377 1397 1404 1407 1411 1419 1424 1434 1462 1469 1470 1474 1478 1479 1485 1491 1495 1503 1519 1525 1533 1534 1549 1555 1565 1579 1589 1608 1624 1625 1627 1628 1633 1638 1640 1642 1649 1650 1651 1653 1664 1666 1667 1670 1684 1708 1719 1741 1747 1750 1759 1769 1782 1805 1807 1811 1815 1818 1824 1852 1856 1867 1880 1886 1891 1892 1907 1910 1926 1927 1940 1951 1956 1959 1961 1971 1988 1994 2001 2013 2028 2035 2047 2056 2070 2082 2083 2085 2094 2114 2119 2142 2143 2144 2165 2166 2179 2183 2185 2186 2187 2195 2203 2210 2217 2234 2245 2248 2259 2270 2280 2295 2306 2316 2319 2332 2341 2349 2376 2378 2385 2407 2411 2418 2420 2425 2426 2429 2431 2432 2440 2441 2458 2468 2479 2482 2486 2495 2497 2499 2502 2511 2513 2536 2539 2543 2557 2562 2571 2584 2603 2606 2621 2627 2632 2642 2656 2666 2673 2679 2687 2704 2705 2707 2719 2734 2745 2751 2757 2760 2772 2782 2788 2793 2815 2816 2824 2830 2846 2858 2862 2871 2872 2876 2889 2910 2916 2940 2944 2977 2989 2995 
2517 
503 
4 6 12 19 22 30 34 64 71 74 79 81 99 105 108 126 127 128 132 133 140 143 149 159 171 176 178 180 181 186 189 208 211 215 219 225 246 253 265 267 273 296 303 315 329 332 343 344 349 352 358 361 366 370 382 386 388 408 412 439 444 480 484 507 510 534 538 539 542 550 552 556 562 585 600 609 618 634 636 637 647 648 653 660 675 679 704 705 706 711 724 727 728 750 752 756 759 760 770 775 786 798 803 812 814 815 824 828 834 848 860 862 873 881 885 889 898 905 945 952 954 964 966 967 972 974 978 979 984 990 998 1004 1022 1027 1031 1035 1038 1044 1047 1052 1053 1054 1061 1066 1071 1072 1076 1078 1081 1084 1088 1090 1094 1106 1117 1118 1120 1125 1127 1129 1132 1139 1140 1142 1150 1152 1172 1190 1194 1196 1201 1213 1220 1227 1242 1246 1250 1251 1256 1266 1267 1279 1285 1295 1297 1298 1299 1300 1303 1305 1324 1325 1328 1331 1332 1334 1345 1346 1358 1360 1361 1372 1378 1386 1391 1392 1395 1409 1414 1422 1428 1429 1435 1445 1448 1451 1484 1488 1496 1497 1508 1512 1531 1536 1542 1547 1548 1558 1561 1567 1569 1572 1573 1575 1578 1588 1597 1600 1609 1620 1646 1657 1662 1675 1677 1681 1682 1683 1698 1705 1712 1715 1721 1745 1748 1752 1766 1770 1774 1777 1785 1795 1827 1830 1834 1836 1841 1845 1854 1857 1859 1875 1889 1900 1903 1913 1915 1929 1930 1934 1935 1944 1945 1952 1953 1977 1980 1987 1990 1992 2016 2021 2038 2043 2044 2051 2053 2058 2059 2074 2079 2086 2091 2096 2105 2123 2126 2131 2133 2160 2173 2182 2213 2228 2229 2236 2238 2242 2253 2254 2256 2278 2292 2296 2298 2308 2338 2343 2344 2377 2380 2398 2399 2401 2409 2427 2439 2448 2452 2465 2475 2478 2481 2493 2496 2500 2507 2510 2524 2526 2549 2550 2560 2578 2588 2592 2602 2610 2615 2624 2625 2628 2636 2639 2644 2658 2661 2670 2680 2701 2708 2722 2727 2733 2750 2756 2761 2765 2774 2780 2781 2792 2795 2798 2801 2818 2819 2825 2834 2839 2847 2863 2873 2900 2905 2918 2922 2923 2926 2947 2949 2956 2961 2964 2969 2974 2981 2985 
523 

2281 
2809 
1799 
2569 
13 18 29 35 37 41 49 68 93 103 111 116 122 134 147 153 182 201 203 236 247 249 263 276 297 302 305 306 308 313 320 328 338 379 399 407 421 435 448 473 481 504 506 512 529 543 555 590 602 604 608 620 631 643 665 666 686 691 714 721 755 801 802 818 820 823 827 829 854 861 877 917 919 931 940 961 971 991 1008 1021 1037 1055 1082 1089 1095 1097 1110 1113 1124 1151 1191 1198 1199 1217 1230 1248 1262 1272 1278 1287 1296 1301 1313 1317 1337 1351 1356 1364 1376 1384 1423 1426 1465 1483 1494 1500 1515 1596 1610 1613 1647 1663 1688 1710 1711 1730 1731 1733 1740 1779 1802 1820 1821 1833 1858 1861 1864 1885 1922 1923 1928 1937 1946 1948 1949 1955 1964 1969 1973 1997 2004 2032 2048 2071 2075 2087 2109 2112 2125 2135 2150 2171 2188 2197 2215 2220 2224 2231 2233 2282 2312 2339 2353 2356 2364 2365 2396 2397 2405 2408 2454 2462 2463 2471 2483 2487 2494 2516 2525 2544 2576 2587 2613 2690 2702 2714 2725 2732 2737 2768 2785 2790 2823 2841 2843 2868 2870 2881 2906 2919 2924 2933 2938 2941 2959 2960 2980 2988 
764 
1116 
2383 
2681 
2622 
1522 
911 

1762 
2 3 5 15 16 21 23 26 27 28 36 45 48 53 55 57 59 62 63 69 70 73 75 78 82 85 87 91 94 96 97 100 101 104 113 115 121 123 124 131 136 137 138 144 148 150 151 158 160 161 166 168 179 187 188 191 192 193 195 196 206 207 210 212 213 214 217 220 226 230 237 238 241 250 252 256 257 260 261 262 266 268 277 279 281 283 285 286 287 288 290 292 293 295 298 301 314 316 317 319 321 322 331 336 337 340 342 348 351 353 364 365 368 369 371 372 374 376 380 381 384 385 387 389 390 391 393 395 397 402 404 405 411 423 426 428 429 432 433 441 447 451 452 453 457 461 462 467 469 470 476 483 488 489 490 493 494 496 499 509 513 514 522 525 531 533 537 541 551 554 557 559 560 563 568 569 570 572 573 575 577 583 584 587 591 593 594 595 605 607 612 614 617 619 621 626 628 630 632 635 638 642 644 645 650 661 662 663 671 673 676 680 681 682 689 690 700 701 702 707 712 713 719 722 723 725 733 734 735 741 742 743 744 749 753 754 762 768 769 772 774 779 781 783 791 806 809 816 825 830 831 832 842 855 857 863 865 866 870 871 874 888 892 893 894 895 897 899 901 903 906 908 909 912 914 926 927 930 933 934 937 941 942 943 944 946 947 949 950 955 957 959 962 965 969 970 976 977 981 982 983 985 986 988 989 993 995 996 1001 1005 1013 1016 1020 1024 1036 1039 1040 1041 1043 1045 1046 1049 1050 1056 1057 1058 1064 1080 1083 1085 1091 1098 1099 1103 1105 1111 1115 1128 1130 1135 1141 1143 1144 1145 1146 1154 1161 1165 1167 1169 1170 1171 1174 1177 1181 1183 1186 1203 1204 1208 1222 1226 1229 1231 1233 1235 1236 1239 1243 1244 1245 1253 1259 1260 1263 1265 1275 1276 1286 1290 1292 1293 1302 1309 1318 1319 1320 1323 1327 1329 1330 1338 1339 1340 1344 1348 1349 1350 1353 1355 1365 1366 1367 1368 1369 1373 1374 1379 1381 1382 1385 1388 1389 1394 1398 1399 1400 1402 1412 1413 1416 1421 1430 1432 1438 1444 1446 1447 1449 1450 1452 1453 1455 1459 1460 1476 1477 1481 1486 1487 1489 1493 1498 1501 1502 1504 1509 1514 1517 1518 1520 1521 1523 1529 1530 1532 1537 1538 1539 1540 1541 1543 1545 1546 1551 1552 1553 1557 1560 1562 1563 1566 1571 1574 1576 1580 1581 1584 1587 1591 1592 1594 1599 1601 1611 1615 1616 1617 1619 1621 1626 1629 1636 1637 1641 1644 1645 1648 1656 1658 1669 1673 1674 1676 1679 1687 1689 1690 1691 1692 1695 1696 1699 1702 1703 1706 1707 1713 1716 1724 1726 1729 1732 1737 1739 1742 1743 1751 1753 1755 1756 1760 1765 1775 1776 1780 1787 1794 1797 1801 1809 1812 1816 1819 1822 1825 1828 1838 1839 1840 1843 1847 1848 1850 1853 1860 1862 1866 1869 1870 1874 1878 1881 1882 1883 1884 1888 1890 1896 1897 1902 1905 1908 1909 1911 1912 1914 1916 1918 1919 1921 1924 1931 1936 1938 1943 1954 1957 1958 1960 1962 1965 1972 1974 1976 1978 1979 1982 1983 1985 1991 1995 2000 2003 2005 2011 2012 2018 2023 2024 2025 2031 2036 2037 2039 2041 2045 2065 2066 2067 2068 2069 2078 2080 2081 2084 2088 2095 2098 2099 2103 2106 2108 2111 2115 2116 2117 2120 2121 2122 2127 2130 2137 2138 2139 2141 2146 2148 2154 2157 2159 2164 2167 2174 2175 2178 2180 2200 2201 2202 2204 2206 2207 2208 2209 2211 2214 2216 2218 2221 2222 2223 2225 2227 2237 2239 2249 2250 2251 2255 2257 2258 2261 2262 2264 2265 2266 2267 2268 2272 2273 2274 2275 2277 2279 2288 2299 2300 2301 2307 2309 2315 2318 2322 2324 2325 2329 2333 2336 2342 2345 2346 2351 2354 2359 2361 2369 2371 2372 2373 2374 2384 2386 2388 2390 2394 2402 2403 2412 2415 2421 2423 2434 2436 2442 2447 2449 2455 2456 2459 2460 2461 2470 2473 2474 2476 2484 2491 2492 2501 2504 2505 2506 2508 2509 2519 2520 2527 2528 2529 2530 2531 2532 2533 2534 2542 2545 2547 2548 2552 2556 2565 2572 2573 2590 2593 2594 2595 2598 2599 2600 2601 2604 2608 2616 2617 2619 2620 2626 2630 2635 2638 2645 2646 2647 2649 2650 2651 2653 2654 2657 2660 2662 2663 2664 2669 2671 2672 2675 2677 2678 2685 2686 2688 2689 2691 2693 2694 2697 2706 2709 2710 2711 2712 2720 2721 2724 2726 2730 2736 2738 2739 2741 2743 2744 2759 2767 2770 2773 2775 2786 2787 2794 2797 2799 2804 2805 2808 2810 2811 2812 2814 2820 2821 2831 2835 2837 2840 2845 2849 2853 2856 2866 2867 2875 2879 2886 2887 2890 2894 2898 2901 2902 2909 2914 2925 2930 2931 2934 2937 2939 2943 2948 2950 2955 2967 2968 2971 2975 2986 2987 2991 2992 2993 2994 2998 2999 
