10 0.06967723277715608
50 0.17034681558505807
100 0.19840780166491123
150 0.20024394214249827
200 0.19775258059114675
250 0.19590188216033133
300 0.1896489287149916
350 0.15795339156108543
400 0.18500474747337903
450 0.18961627586755728
500 0.13297123811125272
550 0.16381776849150875
600 0.10614361540718183
650 0.14929293886607425
700 0.1383456152367167
750 0.13497416732415096
800 0.15983601122103946
850 0.157793325443693
900 0.1556196597672439
950 0.15928687908271097
1000 0.14914773968943862
1050 0.1624009490521598
1100 0.17384663418062896
1150 0.16604605053541613
1200 0.1571446259443871
1250 0.14537017506728528
1300 0.1524085524496013
1350 0.16456986016511874
1400 0.1632210246260113
1450 0.1722495007586803
1500 0.16587316346194425
1550 0.1643969650784927
1600 0.15998294906351104
1650 0.15765796942328844
1700 0.17176285895945323
1750 0.15652524324902414
1800 0.17140577545306288
1850 0.17478662246461554
1900 0.13467238772447196
1950 0.1720205188664202
2000 0.1700012521394217
2050 0.1727372196329416
2100 0.1739234816152527
2150 0.17371193879736618
2200 0.17311314711983622
2250 0.17353789617557183
2300 0.17354234619364836
2350 0.17169607449288035
2400 0.17548670449521275
2450 0.17252478605564694
2500 0.17373921041847634
2550 0.17177296353942909
2600 0.17421633837374226
2650 0.1744029720539946
2700 0.1741666136040202
2750 0.17049028151268886
2800 0.1768563718142701
2850 0.16633920046196873
2900 0.17119274748303542
2950 0.16527528905000072
3000 0.16751827609190756
3050 0.17511743929477303
3100 0.16378909931352095
3150 0.17345982348109182
3200 0.15985595495867777
3250 0.17347302661485836
3300 0.17483066748216475
3350 0.16056011355942196
3400 0.1735337752099011
3450 0.1737741155885803
3500 0.1665628762739594
3550 0.17169482902123342
3600 0.17122668160497564
3650 0.16838785050040525
3700 0.17381650190857603
3750 0.16766059097501324
3800 0.16521996487623775
3850 0.1493832115331698
3900 0.1657477261156506
3950 0.16145379159874898
4000 0.1483466630236986
4050 0.16304888850122926
4100 0.1560575593048602
4150 0.16572421158824346
4200 0.14975333247747546
4250 0.16817839456525058
4300 0.13914061204760994
4350 0.16808443313291396
4400 0.12782842432515826
4450 0.1657970899742182
4500 0.16187139319751914
