50 0.015199682182482771
150 0.014821453051356185
250 0.009260853065100131
350 0.006820829495113877
450 0.005306782606306622
550 0.004380776834720866
650 0.0036869054883003536
750 0.00314677031579677
850 0.0028175599200754207
950 0.00246600023096294
1050 0.0021640648358983074
1150 0.002015019279284543
1250 0.0018172496739918965
1350 0.001713878177332206
1450 0.0015716063542870978
1550 0.001489249621395382
1650 0.001374912343157464
1750 0.0013126326948227614
1850 0.0012067292963333094
1950 0.0011639809539462122
