2
-7.424437663177601 5.1819015262822745
-8.37240022730924 5.8509535803576105
-2.5564567067633606 5.134507241576536
-6.707673334591522 5.268962092889228
-0.2707389075686234 5.030080728853769
-1.928406386840733 5.052273859904779
-2.3027078791770004 3.657094975187085
-2.7881030180308217 5.228028757173309
-7.968534838324104 5.3370194296106455
-10.538249015642032 4.9362165051354845
-1.7626691231067686 3.3473411684132444
-9.908797678556411 6.099999967983334
-2.172094485421071 4.338027906526325
-9.262757241146595 5.600441417708241
-1.3076292374880474 5.2506053676693165
-8.716583291193404 4.145134432311503
-1.8487373202726023 4.1070213281991
-8.666689672870637 3.8203629918437843
-6.823134521334381 5.752711380258651
-1.7527877064864414 4.6790256135954245
-0.7431899552894441 4.8314935575699165
-0.5947025383696892 4.599926533881077
-2.601675090161324 5.2004579420462145
-8.774027949321018 4.418393751344087
-1.5051981774279093 3.6458434726026305
-9.667426134779038 4.5483590337269195
-1.1152554314467609 2.6154976851111176
-0.025533177066282553 5.449860541456791
-0.9583765532511053 3.720237820673298
-1.5197992377029108 4.769111908888724
0.6282403010450157 2.9720299142622286
-8.365185841026126 7.03661536553605
-6.561815350188915 5.835677691439487
-10.182173415687911 3.7952771863225516
-0.14940861145891482 3.6619058750896634
-6.9442545791277 6.267794038211954
-0.1398765689373065 6.183683803487916
-7.925089092742526 6.275004834358179
-2.048895618010977 4.661611255437743
-9.678054058120589 7.060351472015817
-6.213887225894595 6.467415174056119
-10.124909801926695 6.133805201128384
-0.7454801739404273 3.899831286100327
-1.217326426205853 2.6756548148184454
-0.175867072017591 5.035186045246229
-8.57344484441572 7.297913141548974
-0.29296360222345685 4.616369419720416
-8.773545449848683 6.895261037528966
-3.183793469727255 4.842634340435512
-8.857257335452369 4.708518983781543
-1.4256716881363607 5.1665976663984
-7.905772325192874 4.8455386483808285
-8.204422582012969 5.07377122540144
-9.338324204106602 5.9727461945398685
0.19490578546670623 4.626147540323007
-8.441014048842272 6.005892127798801
-2.915212214820218 5.484318492079714
-8.842652680968703 3.6920059662718248
-8.199374288760893 4.071851312932453
-8.860974155807245 7.627448065563405
-2.4653393149096923 4.65220425823359
-7.819128508817746 6.492728149622826
-8.474724598378787 3.8436515384568724
-8.815951235947718 5.126449192668772
-1.8799206640744897 6.216880795967469
-7.919253900628968 5.722256750089331
-9.099263186487615 5.426827583606571
-3.1425642488043253 5.105716415598143
-0.26761488679072043 4.752939980453614
-2.4753328850381453 3.9543763339151132
-0.9311349561592213 5.688622440587453
-6.976195096923273 5.315740608726912
-8.606211410087703 5.288899504213412
-8.519220242381502 4.147697145655718
-1.3227966372148974 5.423418764340889
-1.2095706326415692 4.040234963062832
-0.7554776709248773 5.5815940422779065
-0.840269677679549 3.0261818996178858
-7.6331009703773205 5.418389443549943
-9.216387737725423 6.670845976377788
-9.14747939989693 5.542508394752219
-8.141859997032357 6.333402429179653
-7.4561762068573625 6.198874360721843
-1.4901317044197406 5.607282616712887
-1.622201852543693 3.6233809194910163
-1.9428685673056703 4.9654289788579
-1.7102332509866953 4.854690094513473
-8.879062067948542 3.3100607428305704
-8.058331598222846 4.674831188089075
-6.9705156921039455 5.385642877784732
-3.2844508794574736 6.533099107681672
-1.5129232839955484 2.9332012604063493
-8.486076399127299 5.522712383315227
-2.161139186288368 4.8811003877348025
0.48591467847810565 4.011176763732815
-8.56860966296075 6.791461767146304
-8.669861524828821 5.007606025939157
-1.143660446583734 3.1327830066631295
-8.090712360763344 7.845970897609993
-2.309800265432835 2.636877589890248
