2
-6.291874645322162 4.7682486878520045
-1.663091799335942 5.395180656812441
-1.3013929411324114 2.881339487249919
-1.0698900836904794 4.554285037089957
-9.414113326759798 5.467100194709794
-2.105563982148686 4.863270294645225
-1.1332828225013682 6.104456045568557
-3.6797347407993204 4.091172797127285
-7.191741587503134 4.647185386714562
-2.289367695334768 3.620275999984976
-8.581821883850235 4.874510063750581
-1.1932729761150798 6.479705627075504
-6.707673334591522 5.268962092889228
-8.199374288760893 4.071851312932453
-7.579221105067553 6.256396715838987
-8.357274272785487 3.7445699732945865
-0.6841717668676994 4.757463988841934
-8.421654719143028 5.460681099239603
-2.1260023316557533 5.439575969860018
-9.185418428824725 4.628009955836948
-1.958898591297336 5.061354783916713
-0.13893430175515564 6.5022260353369905
1.0738935814800867 3.800208479028685
-7.320380594409555 6.812235942955448
-7.635912379359521 4.423657818428881
-0.4398879834807058 6.227735907834868
-7.869202928637389 6.534387545033404
-7.914889846775959 6.269376900223808
-7.307601066534686 5.165051998760074
-9.499911775233102 5.27674099277894
-3.915437137906928 2.934509422289686
-7.9166576807474085 5.109919274277889
0.10647247298814433 5.36746385126589
-1.3612036713544349 5.03591420481352
-7.974331464029925 4.874491158206629
-0.4091681995757106 2.981272518411566
-1.6380949827822295 4.447417936516519
-1.6102267702734343 5.335476245163324
-9.790094856605473 3.5837283451969597
-2.8942462475062563 3.2120730211656765
-0.45889571078957647 3.7051012936231107
-7.981689753346038 5.567866994860885
-2.002046344341824 3.095814812199786
-0.5697684937115208 5.299146763315623
-1.5611921963586537 2.834166588310935
-7.791005273848657 4.858080203395931
-2.9749764758251906 4.119223772450583
-7.7131742420897496 5.509311225992269
-7.904781070565646 3.656395764007173
0.28037164656862257 4.840025451920502
-1.295234777663329 3.1513718316645973
-8.699803269180897 7.0986946389685
-8.862688444245597 4.824627998003978
-0.03496939239065311 5.632523911132454
-8.009788690261862 4.799839934491817
-1.0119395835353844 4.891968990151473
-9.262757241146595 5.600441417708241
-3.171475633162684 4.719916864117779
-9.066225805310607 5.637544494529876
-7.267552018405009 6.57893282964026
-9.610971000686055 5.281510391579617
-9.608156250421212 4.544531699688193
-1.810882483049074 5.657509489617349
-7.198472477854969 5.61773717230155
-7.8776936592725715 5.544185658779748
-1.4512908010313708 5.407232812063697
-7.413708663100982 2.8035910830477113
-8.173720306790063 6.409144130589811
-10.214453873748944 6.093256817239856
-0.62384849319378 3.8163971403539896
-0.5825021582839452 3.00075045522223
-0.8168656516221535 2.8966478276628074
-6.718630181140433 7.292874544792543
-8.582687894366854 6.122887677461535
-1.949047262789811 2.317707760960987
-8.451589473980295 5.169307251246301
-7.463293212703773 5.448015876062157
-7.8880493698366445 4.001818031534155
-7.424437663177601 5.1819015262822745
-9.603739880946993 6.213824754102642
-0.5813160138695196 4.794139528106216
1.7755196189693008 7.048759490001899
-8.939377383185288 6.170948772098116
-8.84156593074773 5.0549045716806535
-6.7491883162924 6.64590750193442
-7.406083856480626 6.686210089000786
-1.7414600405149634 5.367730002862876
-9.16680361561256 4.106848691404316
-2.6461738106653785 3.625107010689719
-9.901008972818017 6.322249080001758
-1.0749576427522287 4.647553216689498
-9.966324509919591 4.708208205968634
-7.403602167927922 4.932415523080462
-2.7020007458287223 3.6778535718401533
-6.110454451326329 6.236212955261392
-8.23361092082275 5.363157445158512
-8.200395394589831 4.849310108856767
-1.3644723091837068 5.100877149493814
-1.3213255813310523 4.83864828172416
-2.9907158903960873 4.095403610992136
-9.042554107109892 5.457525041918287
-8.228435367849965 5.948225958470351
-9.84369393150005 6.329530230229683
-8.659194751672576 6.0368805875581115
-9.201254565989737 5.461480865999717
-8.053033233746213 6.370353273804643
-1.7298514596456733 4.753866321670295
-1.0612710458238164 3.881410494189822
-9.719443390222052 4.770990966766199
-1.5599499593302992 3.2578844633256323
-8.668715715329146 6.190761087403751
-0.07709478401341197 4.19562830160842
-0.9318766801903628 5.688047004552527
0.2168704989895458 3.878460878682508
-2.3520767172788823 2.2450005014341534
-3.2614450854194956 2.292561357967527
0.07010146360970282 6.146451195799811
-1.469035517585797 4.825168774008772
-1.767883261162382 3.939829520962583
-0.9184348395288588 5.158452530663267
-8.01933057984567 5.479321620397521
-0.24324774064492072 5.071597957193499
-8.994806547825169 5.808097901778893
-0.8832504155784933 3.047435232430538
-0.6349724653359797 2.6686144301920764
-1.5548868651307888 4.343786286325593
-8.855956273095595 6.180784442154196
-1.273660199389426 4.963944233038409
-9.43830337225821 4.17161037964169
-2.067667841104285 5.934172915099287
-1.768296678572172 5.1718245876796
-8.14408436439313 5.42455226178548
-8.601685086264855 5.453664268973996
-1.156229547402391 3.8440548218178074
-0.6786955433912029 4.565024015454907
-9.462221793291038 6.364303051807166
-7.541084519402465 5.45010882086108
-9.723547782721273 4.100787526375015
-8.433063195471606 5.12194029519159
-2.1696829502083235 5.192265386950073
-8.052787247568164 4.607113586396314
-1.4247246164122023 5.865670601513522
-8.334924137555383 3.9801068356068394
-1.4787310279685062 5.415388261842665
-2.4083797136034226 3.4846316675212536
-0.9672912207759161 4.178834675713509
-2.42114311342998 3.957024582775017
-8.581501285994184 4.196951175074916
-9.156206563151432 5.220956808026198
-8.807816515302845 4.117971882131128
-7.75318750318976 7.184489091611994
-8.051837971684696 7.695501853478694
-0.4026526081106281 5.495353113655976
-0.8615523678339736 5.0400173569287015
-2.4673074391977576 4.278723303038439
-0.5654520745990542 3.0423735632943063
-7.588946259013081 4.6892575979729445
-8.328672881242596 4.885848097531324
-9.351085489571107 6.256930082776176
-10.77308309043006 5.672207702377235
-1.148004796064374 3.9248439553908785
-9.451633191726316 5.632389214044438
-8.754942125334274 4.062273548589818
-0.891024647528285 4.955051822959459
-1.2927908749111858 3.7148032748873083
-0.9327768654019661 5.0219011846486525
-7.540590555162618 6.206458747612114
-7.91950589241515 5.142440223703383
-1.086127035965426 4.824813372116871
-8.002056453394074 4.4968762180772215
-8.734098135197732 5.829835633194796
-8.409456618258819 4.767613835402209
-2.971262721633764 3.1191636901704065
-7.170055898556543 6.478314500292264
-7.819128508817746 6.492728149622826
-1.6912253989690385 3.1674162560868266
-2.382001525096187 4.840401944810668
-1.151649984646973 4.163143758171782
-1.1468775763920662 6.32989502831165
-10.39920089783373 5.944497210107713
-7.51515980628656 4.6259536443080425
-1.3738609426798996 6.209556062828858
-8.578208260460919 5.610204364384604
-6.9491660835131075 3.7220492487718007
-1.232236916276188 3.4884844907883017
-8.811967571630188 5.207512958987186
-1.0506222708969768 4.702546492722683
-9.70735815624842 5.781276546417059
-7.347047249579243 7.02064263722094
-10.182173415687911 3.7952771863225516
-0.24853057824265834 5.1832067270858335
0.12832770559549522 5.437666912710958
-1.5315970272257113 4.0437065726183485
-2.557258081436319 4.748859645776354
-8.285183986545011 6.891812648887753
-7.929776445671621 5.319773503839796
-1.8708798397277986 4.667455279866896
-1.2487054475082469 5.065375186280406
-8.246634535917343 6.723330427075304
-0.1624720919741931 4.531997696394908
-8.784284219127624 5.910429636704854
-1.5431182533979633 3.478248966942589
-8.31447670004206 6.386174636443027
-1.628468790120488 4.524141750259421
-7.8274629288563125 5.619842235538491
-2.423887781075099 5.755173008915634
-7.903860864066427 5.9474843190445155
-8.732150545758467 6.736354904896356
-8.564815478553625 6.552491052524358
-7.249177099421048 7.762647908147053
-0.546374122318186 4.3443328366694685
-9.589001870641882 5.24454467089093
0.6343587116967708 5.295483121402598
-1.6001760738488326 3.9886053709396236
-1.8319876425847594 3.5200042522197563
-7.719173979712991 3.462582932877625
-7.160575263511524 5.7750651933387545
-8.615914424400403 5.0678535519180485
-1.4457365666200626 2.291724085571039
-1.3907582350565268 4.523610141322798
-7.688977613218951 6.036689152150426
-0.6156930005754417 3.648331151462407
-2.7211373207191594 5.7996148448075875
-0.9860210724689141 4.531745436656509
-6.931351062251903 6.677921690256215
-2.0856234586681026 3.2901878948671257
-1.9593900933556538 4.696111005469818
-1.3415087855850079 4.930500714024504
-2.2063839508967638 3.987284031610267
-8.152288019874504 7.832284073571907
-1.127068212151396 4.091451058381072
-9.358879151100597 5.31121794564833
-2.961800849901461 4.791956600058897
-0.9035486904760186 3.718818193440434
-9.099263186487615 5.426827583606571
-2.809682360520884 3.70525812142184
-8.844949063723242 6.3629164320116764
-1.977798858177072 4.566878517480823
0.9557915752441986 4.97209044801716
-6.756104162860621 5.140249051916284
-0.8557014636566638 4.281325189628958
-1.5863236813337112 4.044324658814446
0.16374460374103483 2.4614224624492334
-1.4716722888989906 4.4847728069953705
-8.682018850555677 6.6294112729367125
-2.1237754792146095 4.806682247539775
-10.51901674221217 6.205460389389211
-1.5749674080307097 5.069934564993813
-2.838596553838043 4.3034939614811405
-9.544726720515726 4.786167263370554
-8.56860966296075 6.791461767146304
-1.500609751567545 4.493646296989933
0.2843306769522964 4.359282801622656
-0.6188652958082294 5.879409571179339
-0.7672448421007934 2.731669280020726
-10.217602422428872 5.469153682262094
0.03879828360970117 3.6849506369018745
-0.4486605150258056 4.159269235551277
-8.522959666387507 6.227514030592433
-9.13386396447704 5.070422007958172
-8.394337491950862 6.121797403871924
-1.0838956783388953 5.0262072951077
-0.8030913227748794 5.261423877394876
-1.2972339173641978 5.894637484247937
-5.963022829417097 6.073497024940301
-0.46899637927020876 6.060995388747613
-7.2093912119155785 5.8999205878696594
-7.660238663726937 5.467729797478609
-7.670627967978338 4.213368791672323
-2.752103914551654 5.546349710627592
-7.713569828514557 6.389732590969349
-1.8367101308788003 2.407619820611057
-7.7576146388749905 6.3117042358148785
-8.519220242381502 4.147697145655718
-0.8947524500813998 5.465914701778686
-8.86422069388242 4.752453207674485
-2.304593794019566 5.5181650458003935
-1.5033512449683037 2.454993609086471
-1.8254671602306811 3.26701152546959
0.9121036977107679 3.4703951754579982
-9.12787335710101 4.401753058731496
-8.549648078826774 6.3796776558527855
-8.617718519936673 6.329085980671318
-7.04711305587202 5.755219828506476
-1.4554972187451745 4.1494636488538195
-1.7693809350274563 4.780418646736726
-0.17102611232393272 3.1061861829620216
-8.884754634812579 6.443298959140693
-0.5391124113616702 5.074388762276278
-0.6573312086950244 4.524922727854804
0.2144792252670069 5.480795929945775
-1.5405988928799148 4.240380535302687
-8.239516157290758 5.523759720866749
-10.239274880179183 5.975434202862509
-0.7207563679126441 4.666813081104912
-9.09075616161133 5.236093616382569
-9.541079527083248 5.262532972999253
-9.738213352586541 8.193021257597845
-0.8078552598760587 4.629427725667473
-0.23631728225308457 3.966274743542334
-0.9090248055881107 4.701724353540059
-7.527985362871273 4.15394791237974
-0.5311325157063193 5.034042979099658
-8.173153797497948 6.817694728770922
-8.42506405840522 4.565840906460902
-2.6350477273034665 4.491760488800376
-0.15247797034885524 3.739255480509611
-1.5025586254288783 2.431854514070449
-8.96805002159996 6.988350094396963
-8.02140686455023 5.8935584387912465
-6.85403067934729 5.950856976046032
-1.9179129619042632 4.429732057862371
-9.06010291060769 5.781056981382425
-6.671856483700751 5.058409508095462
-0.21849384978301645 3.918774698144829
-2.6036879697935076 2.9244302113048617
-3.3687947396608044 4.058270708583377
-1.9032150577971139 4.1233831882353424
-9.798475548102086 6.263579529760005
-6.613778540293711 4.101102202445698
-9.403158027627095 6.010172675918271
-8.052715544303181 5.781415345390824
-1.6467942402938927 3.829224456571561
-7.574905238336974 4.316845299692494
-2.004789672317976 4.911157228039791
-9.01917322335118 5.857366473883436
-10.779017486122063 6.501781833767728
-7.4522111958997925 4.502397382400463
-8.667995527042962 4.439204970954201
-9.77266409647925 5.895320554175816
1.2962178543182068 4.553013494928564
-6.571906068121024 2.774545278440904
-1.3216815456821225 4.868141348224422
-9.39357997693075 4.307002159892146
-0.41971018151621353 6.212937254895189
-1.1594608566812619 2.9753212747972375
-9.31701182497643 5.163993642002449
-8.640783949252443 5.368571912111522
-1.533763256722081 5.085802892053508
-1.792210130534 5.166042669891547
-1.3605023153493712 4.545499439048642
-1.2390125795792812 4.128460476446094
-1.557009647548719 2.6942019418972896
-2.8736723245467286 5.2229371356908825
-9.13854978600458 4.214579543297987
0.5900282517237379 2.924717410152008
-8.907900278370425 4.764890234180948
-0.23203157176114864 3.61113058348006
-7.352277315195142 4.920516489983143
-9.074916890837272 4.6101906265374195
-8.84514637512959 4.984852260845848
-0.597709991845488 6.352879988060819
-7.907389332612481 5.9363060532263265
-9.518998241916123 4.3001671341238525
-0.3414216587354325 3.190567100187728
-8.655524470090864 6.571112347480605
-10.334293069237587 5.103048614159055
-7.12754493606127 5.908064962336812
-2.0063764610758703 3.652605482801732
-1.644520305721056 3.641025440514607
-1.9933076594141799 5.241554668576494
-10.538249015642032 4.9362165051354845
-7.703871089230296 7.482049946310699
-7.440720033615152 6.1519738630843435
-8.548209179708335 6.326155002354897
-2.0458398032858276 4.960648150123441
-6.9161710726052785 6.222531692680272
-0.8476947911890684 4.976455262021021
-6.380447015967231 6.2822673380959175
-7.69520000294203 5.747803541100951
-8.298178665411067 4.414837727892453
-0.821314762363865 4.308258756630377
-9.888780031278177 4.952198539029478
-8.49078270803319 6.138114336744337
-7.136514184583351 4.894298668545511
-9.235858880072163 5.902683014731169
-1.8762666895318927 4.030708532951
0.2957458717879986 5.205994131056041
-1.0996929812555019 5.939393618167051
-2.789518007009577 5.946210523086361
-1.0106163406237798 3.750754748899243
-8.413488364652354 6.574158469897375
-6.576996632453043 6.4970849944463405
-0.7907747935434679 5.242429248070585
-8.240208099536298 4.845964572565867
0.10965601307598227 3.8367394315047796
-1.4025738274360102 4.815538497390672
-5.8352954105203585 7.580561175286842
-2.5672420192556347 4.8107499918339975
0.10681262503441813 4.244423033312381
-9.986231543975045 6.035847690100284
-0.9759997979955647 5.865150489570764
-9.338324204106602 5.9727461945398685
-9.76035126996302 5.865136762515391
-8.394694277249474 6.894951906193502
-9.401649922653728 5.27697423937798
-8.894100534328217 6.6247471756150595
-10.384583090143051 6.234788703781612
-2.4538069173375625 3.2073707844690196
-9.38209006502403 4.693134276710858
-7.743898292695505 5.653991529065516
-8.761818079041637 5.898184197072193
-1.542614329959141 3.1163594020021415
-9.597566638974929 5.008613378720029
-8.365185841026126 7.03661536553605
-7.367431873521827 6.3350654326315565
-7.968534838324104 5.3370194296106455
-8.857257335452369 4.708518983781543
-1.8690622436123088 2.645125433415528
-0.3089960716687514 3.756998996032991
-7.9959085168616495 5.2847413061677475
-1.270288910280966 4.710558126008762
-1.9061077857474418 3.2944278008702845
-9.088892756723073 6.363071949846761
-2.1818138821334583 4.902222872088775
-8.669861524828821 5.007606025939157
-7.307255056638809 5.628985489977296
-6.517313828141896 3.348744625699596
-9.949446869841852 6.379861068535203
-9.513965276306052 5.621153812221479
-8.179020508675313 4.86212655399805
-2.4587330445736755 4.740508122820613
-2.066273319024577 4.697155102353584
-1.5179896273360705 4.009581657791601
-1.0833910252564642 4.214370464344012
-10.157231056158945 6.613390780263183
-0.9663030775385516 4.916703476312355
-6.9442545791277 6.267794038211954
-0.3536793692763054 4.101391292680596
-8.544289337777307 6.991303161731613
-8.295543970914895 7.338722140195117
-1.853556347881914 3.8116164073964343
-8.929357733537284 4.269933266541883
-8.206004733675035 3.951285500301706
-2.8937493929146387 4.165086208226924
-10.079831336761897 4.6219986927186
1.227000521419714 5.494687556612112
-10.124909801926695 6.133805201128384
0.3848276006146969 5.15519274519085
-8.486828683978473 6.991375974798796
-8.533835655539537 6.386061186415365
-1.8396362226525116 4.609761401285222
-8.070274339465321 5.471689006594325
-7.5256234827303174 5.733028128307111
-0.08865846653942722 5.307494601584837
-9.551819106771562 3.765949878073717
-8.977076196741951 6.237489010706347
-2.78430662555762 3.2896777214027146
-8.981141502105077 5.467136024138008
-1.5738440487121523 3.15156040033038
-0.38821638029026106 4.010144548810206
-0.7821875593068368 5.048960877882304
-9.963908000328674 5.881331704378751
-1.8522698710785193 4.410903261611368
-6.350360603736689 5.758613792860926
-1.4062672127389237 4.0367939102944055
-2.7509533809322235 3.3984768709933517
-8.70401235746547 6.593309554245499
-9.158163402623483 5.388245176703069
-2.0867224748779476 4.024744425841622
-9.935013259139115 6.768837370146462
-7.6331009703773205 5.418389443549943
-8.205285722405325 4.043691155721978
-8.794112391144742 5.326718634469186
-9.905538327140146 6.032285291141673
-7.939386004796859 5.232123316559238
-1.8467755748106534 3.6043286589871113
-2.6013375973158555 3.7521061496179278
-8.69954055360871 6.557546664375405
-7.576122117266627 4.723050108437554
-1.7588281882475134 2.0688440799710603
-1.5375637656665737 5.466000150733503
2.2682537208738576 3.6952743306963227
-8.768526108807011 7.0023753576773755
-0.20838709483947015 4.509834722096099
-0.6196722544335996 4.861588147801662
-8.150526864128018 4.779853295236593
-10.825760166257648 6.281012533052956
-7.001035243187129 7.15944676218235
-9.116864979891664 5.1554691181364944
-1.4887359226444272 4.258824628127153
-2.1469337823929044 2.106260858088221
-1.111740926540089 4.292259342299813
-9.20386006472611 5.484900996697167
-1.4257070817519808 3.403010173753066
-11.556338978238518 4.080375350840854
-7.812679998120282 6.878021279145518
-1.5152302137891995 4.92931773739598
-0.45574114063579063 5.152872056613414
-2.647970275091372 3.9088376892487977
0.38120716620626105 5.402416501313593
0.7487495752742783 4.823382157600998
-2.2019128074595846 4.890039082921515
-1.4817229736191853 4.37096947597519
-0.8349281183245336 4.296262976449917
-3.0858102364938693 5.600695452574169
-7.338516790446503 5.68522711312009
-7.854447105790185 6.490635250212997
-7.328518294051223 5.251171662328271
-1.6368386192888393 3.3247555819729957
0.7707964178021687 5.241754862265959
-9.037127071242198 3.384706083153875
-8.878271881733705 6.126995530017302
-8.35183558928706 7.377402076026729
-0.6515657012028238 3.604899808371234
-9.679678207231683 6.079731682790578
-0.4446206309389049 3.849560581514901
0.20490425114571176 4.40722956120702
-7.476071270556656 4.497947385963698
-9.121939505413216 7.3459530841509375
0.24991813828589282 4.355046127023883
-9.653238896213562 6.418387763659865
-2.2534171994306234 4.660485735915646
-0.9015523984540157 3.740288692516709
-3.1430698893316125 6.019625074859763
-8.083107409231793 4.157168375951355
-1.4139707650672118 4.669212306131628
-8.058331598222846 4.674831188089075
-1.9839477454644499 4.779468806295241
-9.382460078994242 4.4391887747383985
-7.998374657706241 5.025101593252773
-8.109705169620025 5.712409624102823
-1.6844935914251236 5.227353513986595
-7.55292028872172 4.406223114180062
-2.9016840138124147 4.9373168293132075
-0.9740254088444467 5.756843429037349
-8.469101112967005 5.2532407595524
-8.941992398172243 4.602359936087929
-0.42341999618255044 4.99732557649113
-8.495358681938837 6.903210674092471
-1.2378612262715583 6.6530654698179585
-0.7040237332084952 2.385517495952803
-9.303883690591494 4.067977150922957
1.1319772840381264 6.742548541389325
-0.23445134921478328 5.844667357300526
-1.2774378161570117 4.97975419067553
0.10416849744937284 2.6909945724404816
-9.378994299953334 5.920690249128551
-8.432044413347612 6.063426437344234
-1.963236208427819 5.44274667072608
-1.9170661345466702 3.6019471015279083
-7.170462811424217 5.305269136649764
-1.2968194491598148 3.282446814955779
-0.2433947898128519 3.2080067525319835
-1.7016897334058778 4.519171641966329
-0.9188697861590134 5.563561435489824
-2.533375022456789 4.463412680151467
-2.1065856439283293 3.9099965600462743
-1.5422393004146868 4.632109527480828
-8.657644332899944 4.185029222679276
-8.693328717031857 5.371123195045993
-2.2103846260383895 4.250258208220093
-7.880706060710961 5.298547790827174
0.8442167474524913 4.249710711760451
-2.8610054435774037 4.599216229985046
-7.130839976031223 3.639011903129039
-6.691204952879801 4.533992535218373
-8.605888313257596 4.85601960830258
-8.562300880632652 4.3591288083314135
-8.96001143758655 5.827855605348271
-6.561815350188915 5.835677691439487
-8.37240022730924 5.8509535803576105
-9.724246170231066 4.612530031385337
-0.47133259914186376 3.258195964860502
-0.9812174994340068 4.559210008040006
-1.2557467440200563 5.288321327526681
-8.759237716225666 7.256800628074689
-8.272052630147913 6.621356150120748
-0.4801798201888432 3.3051527826743943
-2.255633186595743 5.551610327055794
-8.393209386445893 5.118322839843437
1.2359054871093882 3.747831274192382
-2.0867296677408835 4.5691715234005414
-1.5187911042026792 5.297761656966407
-8.605244262133475 6.4472924818295745
-1.6033343351939215 5.560074266811954
-0.06578075852926779 3.8584672129269877
-8.773545449848683 6.895261037528966
-0.06274374630069568 3.6096724072743744
-1.569551745005617 4.18635521250684
-0.8778434347701705 5.502891584677084
-1.8942703288272322 5.044924107940075
-0.39930731057020274 5.473050027614155
-9.290914459349704 5.790683543621212
-1.1094183139915397 3.9507252568837847
-8.989876712662882 5.907536697495252
-10.743338573969496 4.981450591594334
-0.35334788287996355 2.858813342295151
-7.943939721013713 5.854080478824293
-7.123929729601412 3.9856109304598224
-0.42847317204041124 5.423677259455326
-8.21840619007228 5.747671294287362
-7.997496512263604 6.710666330461375
-0.9139092059237053 5.232172099875921
-9.678054058120589 7.060351472015817
-0.554559721797473 3.8910754950787507
-9.160843455911126 4.250063384642366
-0.6395854096508992 5.605556458723821
-8.021810105460423 5.5391693385191445
2.5110757817053044 4.73213190798953
-0.5998464076222779 4.147253840731956
-8.20769231275511 5.837641711522785
-8.852652603700758 4.926524783656491
-7.722166763454339 7.143413756387459
-9.216387737725423 6.670845976377788
0.3983684135807637 4.636802927413714
-0.31557740849895966 3.6430944041668947
-9.417151395367698 6.221058335068796
-0.27496516906664215 1.5635725688150282
-1.347968406690563 4.5838123266042325
-2.1291151473977417 2.8252612876530314
-8.418787478499082 5.400749964730536
-1.8802132861553185 5.116868767926539
-7.013462439599622 5.660952211148973
-2.0344199919268977 4.776168212255487
-2.8941378939341673 4.595456148363112
-2.142388769189294 4.647170865003348
-2.1579997373033653 6.084707189305244
-0.5160870679659935 5.123932840063878
-7.452864961717383 5.102513916188155
-8.864793290249901 5.258535429103771
-8.556946518405464 5.670883528437322
-8.9174780430679 5.426192558246333
-7.391427452797641 4.790978163273133
-1.1257769178294221 3.7524290815353174
-9.225553657145252 5.984176657504938
-0.7509755752632511 4.71303384361754
-1.0987955478432956 4.1553015158157045
-6.213887225894595 6.467415174056119
-8.977521397869731 5.848562012058201
-9.815199839593337 6.484096651468764
-0.9370061980457358 5.31043088343821
-7.509633728129447 5.882012268637083
-3.78775838550797 6.046499624928034
-1.5116348269809254 4.729692422189649
-8.999263931993776 5.882684778134424
-8.666689672870637 3.8203629918437843
-8.606211410087703 5.288899504213412
-7.87494643016144 4.5509755352681305
-8.952252092325422 5.983762382696942
-9.350156641033657 3.8190671306131367
-1.1888898132302401 2.85596769035679
-8.674553464796086 5.165731496542071
0.7966445545079002 4.917310188762825
-7.79060549279866 5.178440913211997
-8.151316455862064 4.159289273589037
-7.784334884838856 4.453297798083986
-0.442071335311347 2.984150734607187
-1.9628152409114876 3.6690881101702435
-1.171117336438956 5.723052831797336
-9.17042522817946 6.181346148088248
-8.486076399127299 5.522712383315227
0.07950651346433779 5.956858045789376
-1.4558245305618214 5.488079317270162
-7.617615504426706 5.59776266619904
-1.340629414978437 2.8741354047587904
-6.955037021233386 6.66765446958442
-2.2287800721858937 4.679728148221087
-2.409076276184864 6.2422383035326865
-8.735006845999203 4.522388905433181
-1.2366887419985642 4.874996536986892
-0.3989391885314294 5.63252605923339
-8.551132118570367 4.34213731315287
-7.696756202865684 6.747545489963625
-9.042290067315621 5.1725814423071625
-0.5257573873507094 4.817178923584297
-8.989794467279577 5.660579276606598
-9.908797678556411 6.099999967983334
-8.860974155807245 7.627448065563405
0.8015001511223625 4.586368238142699
-1.3180469215235 4.082372547965042
-6.865202197110422 5.546192219464037
-1.6064879462696926 5.117191451623213
-7.211445979296643 5.505004502062054
-8.992967214634598 6.0476632866244575
-7.406121534769105 6.660986015965819
-2.40206952762817 5.26491604522663
-1.7622166349871042 4.049997206056654
-7.840048952176648 6.489560606283055
-0.723677785143199 5.4518143830199115
-1.540269258618688 6.099821912902062
-5.612767021798097 4.988285798708914
-7.700539537396399 4.852253923076349
-9.19908116325032 5.0261846121297244
-2.0472687889592294 4.230018712445262
-2.3785861681703704 5.486326441873661
-1.085236680055623 5.5079053116628085
-8.600743361531547 5.079238543654067
-10.5264697207962 7.6621713958651405
1.1021762773464467 4.676641700678527
-3.248623677754825 5.136411561764884
-4.223211391611647 4.232036219903111
-8.440190898194167 7.216945064318354
-2.0934278806492683 4.774285205576494
-0.12230499641703174 4.774978557666103
-0.9230774854489542 6.247643422274387
-9.55657129588272 4.131599373757225
-7.291498985691186 4.419871775979718
-8.097674014118057 5.10172893162878
-1.485592637086326 3.7877603968911884
-1.963704789789016 5.9627774329204675
-1.7791305509136617 4.286637930949076
-1.398819318611386 5.454735279637868
-8.465919208172277 4.550732151276479
-1.5185032811331443 4.121002502848927
-8.38567928792246 4.261855294846598
-8.716583291193404 4.145134432311503
-8.523506475280485 6.31693260498213
-1.7723297339444302 4.017979140514098
-7.110610823954795 5.638305656473228
-9.099527562304756 6.615791369667372
-8.592790084632043 5.100151765738728
-0.41846611574675496 5.387660937075989
-7.470279141341311 6.156531847758108
-10.343114451523368 3.8175607936679654
-8.45934526754458 3.8047271030019143
-7.090464732712242 6.625623724317916
-9.605885669468089 5.2652170301188495
-1.0704899104592984 4.543256282964916
-7.698610490018273 4.825300889175989
0.2707549546670931 3.0825983713843934
-0.15304067720853243 4.672896303603481
-8.846660636783115 4.268594236810217
-7.698505202010362 5.357421628696658
-8.04823332645411 4.5024933131003095
-0.8750128995586797 3.30317226892078
-8.697872518323813 6.124130061916199
-8.280184207895347 5.756576037571457
-0.8883487055829387 2.9281335810045865
-1.5290456242982466 5.952402408318755
-2.5978405538163205 6.606445875135316
-0.2166623193706294 3.79336718899487
-0.21050001370231786 5.979666525065736
-7.987499015279154 5.028903574283796
-9.14747939989693 5.542508394752219
-2.283885507092493 4.94851032358672
-6.874201782590535 5.348891343871202
-8.338126749541765 6.4565757188892565
-0.3548426326152506 4.621245888393966
0.3525695621576044 5.89269872376318
-3.2852994450476714 4.177927326699288
-0.961973153312063 4.462480294621834
-1.7467775191158694 2.974699666077301
-8.450386657718292 4.458436529493646
-8.42040957062146 4.748141897512411
-0.5406452360440785 4.605797468501001
-0.965764465412026 2.369879905508427
-9.942242634616422 5.585252101408002
-9.221223603511914 4.815792951100879
-1.9834299009547083 4.676128650928446
-7.500741061740653 5.695395410358557
-0.7826125889354625 5.526661083267962
-0.3997732719265149 5.008944954439578
-8.673988475347572 4.812664560352604
-7.836721379708416 5.728998822064546
-0.9035708178728036 3.8782160611331045
-7.925089092742526 6.275004834358179
-8.842652680968703 3.6920059662718248
-7.881154500817298 7.950243145312115
-8.803536957212835 5.091001875963368
-8.744525012732844 5.060567043041939
-1.0357516251542558 5.656836336068925
-7.748852239316391 6.674138305108747
-2.095680635709603 3.314379007309424
-1.3796855188682253 4.404805386458487
-1.3840944390774756 6.1040537868410825
-9.128626079600823 4.8117703216136825
-6.5796981090021776 3.889746208641631
-7.8302220977992105 6.282690821276851
-6.9705156921039455 5.385642877784732
1.1262304850346516 4.578940322840557
-1.442759222494487 2.7125944373282715
-8.166076042865399 7.048960200999754
-7.330020734975161 3.901388843778674
-7.985208796628171 5.960565845753385
-8.492840881315024 4.95823796888674
-1.0058326736382388 3.198389385176581
-0.38814893194965683 5.4610571184755665
-0.8420483887738595 4.807448928862325
-10.030121859369547 6.357101045356778
-9.63311617720375 3.7639061050038807
-2.8083459187745454 3.767371836623804
-8.37715962935656 4.762203474754428
0.020335923031449488 6.133607788594185
-2.1594313846706377 6.656820982559011
-7.335277598189017 5.435127450617469
0.48991916480029496 5.447686271126631
-2.117937222549137 4.293511694088031
-8.490663757825919 4.408625840143721
-0.529624717763784 4.676944711322899
-8.047099842317099 4.566736529213368
-9.114809770060655 6.280235664893945
-7.112181632671255 7.294826372806818
-0.6311179087653659 2.778742727687548
-3.4140175757521254 2.7804184945902177
-2.3100450672752224 4.217999165227112
-1.0000386768792002 2.8522809605548702
-8.283116702458258 5.326391794457058
-1.458708559529029 4.160888306255307
-1.556782134438172 3.7639390070632284
0.07186703004919592 4.784160285297282
-7.40214985174168 6.5024944628363155
-1.6353975863926578 5.111894320212421
-0.13661221544725555 4.6594113451555375
-9.755792394827713 3.7571537149072918
-3.559699167411366 4.782962613666293
-7.276442251275721 5.4556347773046845
-3.23753212747665 5.193756016327985
-1.6753104999891637 6.3316468150402105
-3.3696079389676163 3.2020499677700967
-0.09504477444526471 4.796682174367316
1.697559122536874 5.606197011341817
-2.237127193589316 4.121294432894314
0.34283579106044226 3.8845817322409113
-7.716256277879317 5.033800436259461
-0.2537388416127466 4.505174288225345
-8.543427719277586 5.42311382850534
-1.3728074473849485 3.140693919859419
-1.9189551258128743 5.332273623482754
-8.24197701535107 6.52451873270607
-10.388374456508467 5.706645055648085
-3.230812880790918 2.9145842695947897
-2.316573290612288 3.4957032505119394
-2.009346727783835 4.4038471697359824
0.01762085655712342 1.3925826917546087
-9.477812204579555 7.077048520584921
-8.633544691033794 5.7496368025728675
-9.205017229395883 4.945716188601793
-7.847205014690385 6.603724224929526
-0.7154613060726971 2.8280337957577686
-8.98374699491568 7.16624165789732
-1.9634008835306842 4.134604360485224
-3.261681164937892 4.9857956656528515
-0.8838981996604887 3.8802183270979835
-0.8859909425524729 4.236299891946015
-9.137751983795157 5.637036196994316
-2.4529011147612687 4.799203083172717
-0.5430172731374041 4.499554493391237
-2.979418211054185 4.5096038415086594
-0.047692196896676586 3.5479073480953334
-8.492940604140918 6.226743881106077
-8.657954037867253 6.526507122173001
-1.3017557949197025 3.6005035654349573
-8.57304344281366 5.4627313062471075
0.6501646944836199 6.12150453012462
-7.773766848858788 7.546988393810835
-1.4460179484608169 5.08146472060182
-9.06158859647065 3.4760263727696015
-0.7853148545623105 4.6715918210214795
-9.202967901107538 5.704985057421809
-8.010726328321677 4.421736754915804
-2.462436080927019 3.8556088180533434
-8.37754819943311 5.132840512774971
-0.6018774720227279 5.423698841983853
-7.994048865009696 4.792224891266024
-9.422401828703974 5.645943447709323
-8.057426677527365 5.179994026379209
-2.7060347749179536 2.7662395868498812
-8.441014048842272 6.005892127798801
-8.082288519018276 4.155254187801354
-8.859326213162904 5.543227777489023
-8.333268755309257 5.429333786812574
-9.329507996902391 6.096575389144337
-2.001078780218121 4.4957913049469145
-0.6750692121208863 4.26075409835137
-8.815951235947718 5.126449192668772
-1.4455863218324503 3.8035493510835976
-7.15219656421809 5.293423100119065
-9.337927316695335 4.983896681322036
-2.6191585177237746 2.612401287539922
-7.347760703347084 5.768866659652859
-1.45025311384678 4.661759208325746
-2.4886659769594113 4.592193339079821
-8.713987610325633 6.30656587944367
-7.06883000536208 7.184148732477684
-0.02559451652675504 5.099984118435905
0.9546027506602348 4.387913640458169
-2.532533250050391 4.580930621629531
-0.6675006074348335 4.531322220064481
-9.915377929159321 4.254747279911826
-0.5221076623678426 4.870313461591872
-8.651117079845504 5.761600882889965
-10.42581231106598 5.971706628618981
-1.9178502402563296 4.0789874514823286
-1.3100319891693062 4.784574941660473
-8.774027949321018 4.418393751344087
-0.09134179068552983 4.666511148918969
-1.3073751095158852 4.978246768063774
-8.00026864502781 6.484256035709878
-7.919253900628968 5.722256750089331
-2.1113017679207484 3.339551320883622
-2.185667069645693 3.3052302400218307
-1.5517727160485744 3.148072300164089
-8.61596971037995 5.155127252747933
-9.190972308891876 6.510638745654768
-1.0518544715378368 4.8132357172042175
-7.51275774890735 6.159153017037238
-9.095623728318515 5.789048910081345
-1.3582312702648576 5.485034513112311
-8.029287676067188 5.417327467392599
-9.302436070627035 5.643238285043486
-8.900678303233896 6.3839278263404005
-8.700532151788982 5.829801923336785
-8.58671111166962 4.672631303534999
-9.576591938257419 5.811788636005653
-8.077269706777974 6.769769295012812
-8.667690529475086 6.295669954581869
-8.23512558350334 5.649707065072672
-3.3034153022764494 6.13863433616722
-8.844719989699707 5.76018714991098
-0.6172919329357244 4.645212141140587
-1.509718593117456 5.026291489509578
-7.214788143680623 6.6132225737904
0.6702656081626168 4.788472951072061
-7.4561762068573625 6.198874360721843
-7.976782503246701 5.974868776596059
-1.9317476686466217 5.999298605735767
0.2923628401777447 5.121585452667748
-3.193083241587428 3.5915084508599504
-2.7253569261713 4.706724284460176
0.6910755253824585 4.581347999480978
-10.081047044333811 6.57126863279543
-7.928229592453988 5.7166749624870405
-2.040923129959978 5.152518734966064
-8.642092476467226 6.400913439352933
-8.79724583616486 5.752720831229858
-9.667426134779038 4.5483590337269195
-2.0765578743487656 3.925581519711715
-3.465196194814732 5.663528115216895
-0.8067776768707926 3.3968535011147707
-9.708199132844651 5.282947873512292
-1.3493258429628245 4.880620976744165
-1.3051085710099288 5.686804092389423
-0.3805205422479556 3.4567358662173024
-2.837742445580366 3.277202011760714
-1.9772767578914796 5.421788223908798
-0.5875317844327345 4.975956369703008
-10.115267182759474 6.769376838136366
-0.48744802861280245 2.8300133243692667
-8.498086531365795 6.679349624997174
-2.634556097721954 4.0604807338380295
-6.5695278381788835 5.318268780321037
-1.6496684992197048 6.941655389730958
-0.32803163362742727 4.251277275321679
-0.7872294229491523 4.66497332138839
-1.5531419511240978 7.393611610609144
-6.945649596130923 5.17587931504124
-1.1363773007048636 3.925151718021735
-0.7278299133613916 2.854694862632562
-0.9665489648956977 5.121290832533318
-7.767280734997145 4.991694064583441
-8.835502525185822 6.38688041891929
-0.9763427098630735 3.9186070812685045
-9.057720333742878 6.797316104805667
-2.544788043724914 4.7186509137537325
-2.6366093325694315 3.5697237029640823
-8.879062067948542 3.3100607428305704
-3.5792914468127575 4.547190345676699
-1.6120111008489646 4.673975668361177
-8.747217018766635 4.774915760786099
-9.142760838563607 4.781697651808636
-1.6366204494347296 4.491736740143046
-9.066623835317104 4.731656080146648
-8.316976457297043 4.35500320831994
-3.9845846369618974 4.491278811171801
-7.73745624587239 4.425459280522123
-1.8954168895799253 4.050341353242986
-0.3967906714346886 4.460555770191244
-7.480291322574748 6.910637608301887
-1.1549815722332402 3.3834201002395345
-8.474724598378787 3.8436515384568724
-9.798067593110968 7.0376999474318795
-7.8512048681478745 5.446977413688096
-0.011855218616430907 3.6484498936943717
-2.2789860436730955 4.58538342686323
-0.32540942315812493 2.973132145165086
-8.532591530116388 4.384922729818872
-2.0936830265442117 1.3430594311182795
-0.4763041330803769 4.115838547779254
-8.625419322415802 3.8296388835786632
-9.59583345410923 5.890360174818907
-1.1685562334317958 4.666698650082409
-9.827301766427947 4.655703488159638
-8.736161194876324 4.316617924871782
-6.819884678921056 6.180335141621923
-1.5791269930335878 4.754790677710245
1.3492088986007662 4.687156629351988
-1.6718967786124224 4.853807861225491
-9.199304230107826 4.036379999517298
-8.141859997032357 6.333402429179653
-7.229192439553031 6.412297280366231
-8.841231574167704 6.04852682344136
-1.7910124630803166 3.7988515679657686
-8.162823422886936 5.671519438615228
-9.756444826912471 7.2746834390927
-1.7164977037572884 5.12060168075454
-9.085065031389325 5.5451214519509495
0.04610680983947546 5.112458937865872
-3.133897963477615 5.4682088753183145
-7.199172046131828 5.431013310222164
-2.010074596793422 3.0637389130409467
-9.109645889264371 5.318911602820501
-1.7447253835937846 5.260102240723289
-2.0954882980855065 2.7658580259547274
-8.363127725332717 4.504650304059335
-0.5490418472866488 4.675381646387087
-9.91262200635958 4.432048357662198
-7.534982443562184 5.745441707903885
-1.0173996244974535 3.9031928136262946
0.9607632741909482 5.3623836086019026
-1.7524297754268625 5.136887637607403
-9.500041878641007 4.715148460917178
-0.9264926032512605 3.40930805456661
0.25861262340672697 5.469395785035626
-1.9835575271065524 3.319918709725715
0.42944885757101914 4.514415181018956
-6.636039820322731 5.606801444768825
-8.440564331734247 6.614663072486987
-2.9585805147689914 3.007181665011542
-7.224256499086701 7.286761641353771
-1.5044872702260275 4.817917452025538
-8.11740558305763 5.583086701116857
-8.883225839240328 6.924122765903215
-1.447332362857812 3.0604856369825555
-2.434722546225059 4.436586607461968
-2.116617900236238 5.09896712757263
-0.424193835374025 4.599531770587595
-0.29857636895575945 2.68588881565604
-9.043589036806745 4.205918461675145
-1.0829510237941036 2.9741918465214447
0.17246526715531374 4.0261599544081275
-0.23620102098807072 2.8821420548099304
-3.0864982409727677 6.539391124608012
-6.976195096923273 5.315740608726912
-8.606621747759656 3.698514525519945
-9.004687964445495 4.476413456596713
-7.185630653762463 5.010113038739986
-1.7696610652866842 5.178165805300966
-1.9187929893698987 2.7290433933853095
-1.6801666834509899 4.409430985429778
-7.599589738289577 4.355643802745691
-1.2010962080487562 4.90508969180004
-6.8142729365537775 4.861701673222526
0.26674676693588606 3.6958341643361328
-2.3448757023212203 4.147841697895946
-7.381895410276033 7.3127560916713845
-1.475167426297816 6.161455361364977
-1.4608590896339242 5.434387136284379
-8.117018379486481 6.0609713402429
-1.4616645399848447 6.636624007181815
-2.3476155762717417 5.052270419346628
-2.010276925245181 4.497801759009966
-7.218473652572287 4.552302912056325
-2.1973059089345988 4.484326892232495
-9.417662595285028 4.338185723751687
-8.168696916751593 5.194480396262184
-1.508606553383053 5.730878139213045
-6.823134521334381 5.752711380258651
-3.1121060114812362 4.597195657022421
-8.942009787288685 5.937280792537416
-1.9678502019140591 2.4592886518788215
0.327369552744059 4.085043737388083
-6.933177292489466 3.2548169133504783
-0.23603923507351676 3.996945419165866
-8.43541629158566 6.08819798193422
-2.2451623866483263 5.20778056401278
-1.461430127719669 3.9602380584504595
-9.23606298958387 6.289732345085314
-8.57344484441572 7.297913141548974
-8.809021754416946 6.342389080330413
-0.8539932308601859 3.078391798845345
0.021372051551556526 4.346835866872898
-6.966593673060375 5.10585499786542
-9.873762223336243 6.209956950871954
-1.5536809758049874 6.319966916484982
-6.861889403615057 5.700280546971518
-8.21042214921566 5.493596961349666
-0.6993788120950354 4.554879637566507
-9.2093820546234 5.057115272458091
-6.7943148049195266 4.995865229858984
-1.9225828819572666 3.2582464131841498
-2.110288839502247 4.484336083014918
-7.1498581641286005 5.110556517800211
-1.075930010386693 5.936131552772242
-9.102355914622139 4.920936606924092
-0.19770810319019305 4.248540894022876
-8.947732524346772 4.273208237054076
-1.0335414647323256 5.2549251046583425
-1.6359725095593687 5.859657423999745
-0.6510999702542889 4.484667047422724
-9.063247890884098 6.226535443037697
-2.028752444432456 4.990459872200753
-7.300023443088491 3.16428677362855
-1.9542636129226914 3.1713264743526213
-7.835581752846359 5.820057683376765
0.0775827925008512 5.019277770402675
-8.782438451158233 4.651028147618925
-1.3937681036938212 2.672056185498745
0.38740785562731395 6.031410067902756
-9.028957241776155 6.771639489344059
-7.905772325192874 4.8455386483808285
-8.250226028116106 6.482653475891505
-8.132953522739662 5.893077003234323
-1.1218576798033306 6.141653461129537
-8.160185644343736 5.199682563197799
-7.691090230017535 6.351838889870035
-1.640322736494397 3.4285432189296228
-1.4717707856826299 4.372866068064104
-10.242605912600546 5.375425688356792
-7.985551956404876 2.8368583767319024
-8.677361012571124 3.3069558657074873
-8.711488486035023 5.519815564772456
-7.547532414577891 5.549373550963712
-2.1827571495135216 4.282551990760445
-10.06208266891125 5.8563486798451505
-8.090712360763344 7.845970897609993
-8.37812324295435 5.358336066779614
-1.0526537695209521 4.49103543996922
-0.7574468874944282 5.285847374082719
-9.691153465139651 4.852701324951106
-2.3878114179910543 5.968509219965628
-8.933051259142315 5.467816047784477
-9.717351726376872 5.083448622098582
-2.718905633525635 4.545134881334345
-2.319187839401718 4.352073387868675
-9.184887408644396 6.094501267041369
-8.693523603499969 2.3428606079469336
-7.842115645190629 5.771087545772868
-8.204422582012969 5.07377122540144
-2.625591951008299 4.6713610063868325
-10.34141094777257 5.93642679782097
-2.022790327578385 2.5399315270411966
-8.466786523413234 7.152411041217885
-1.7988325241884013 3.514933805642478
-7.674144475527958 4.7053743248488065
-8.904925368561996 4.955366013300329
-2.4127669677700165 3.506252148064253
-0.6861028040164182 1.7154083028779747
-7.417885913356318 6.164258333429698
-1.1725292620544685 4.165635776827717
-7.4231536378424305 6.465404780362331
-1.803549894678132 4.176493477252852
-1.1211512043215504 4.126212385273782
-7.812862270036503 4.846351629220525
-0.04578307499579881 3.207635137259945
-9.110459823949954 2.5980597019254175
-9.149609713344026 4.575305268200696
-9.060104538295882 5.631404585298832
-1.2547241838541947 4.774925952010106
-7.480223064154751 5.950173032226784
