2
-0.5697684937115208 5.299146763315623
-9.235858880072163 5.902683014731169
-1.3073751095158852 4.978246768063774
-10.39920089783373 5.944497210107713
-8.481031420918008 5.257532764629563
-8.9174780430679 5.426192558246333
-3.2614450854194956 2.292561357967527
-10.06208266891125 5.8563486798451505
-1.4765147006712371 4.645769004713232
-8.713987610325633 6.30656587944367
-9.109645889264371 5.318911602820501
-1.7298514596456733 4.753866321670295
-2.8942462475062563 3.2120730211656765
-1.1274878459245843 4.65667912686424
-2.718905633525635 4.545134881334345
-0.22379621222672208 4.132340122571966
-8.009788690261862 4.799839934491817
-2.095680635709603 3.314379007309424
-1.3554936135044386 3.783119213893948
-2.2789860436730955 4.58538342686323
0.3525695621576044 5.89269872376318
-1.156229547402391 3.8440548218178074
0.9557915752441986 4.97209044801716
-0.23203157176114864 3.61113058348006
-7.4522111958997925 4.502397382400463
-8.677361012571124 3.3069558657074873
-9.365794320553336 5.935754535723244
-3.5369093013318214 6.372321062802321
-8.298178665411067 4.414837727892453
-2.532533250050391 4.580930621629531
-8.933051259142315 5.467816047784477
-8.199374288760893 4.071851312932453
-1.7164977037572884 5.12060168075454
-9.099527562304756 6.615791369667372
-1.0493215485622762 4.510085095007472
-8.759237716225666 7.256800628074689
-1.2795330391999156 4.82300419514624
-9.76035126996302 5.865136762515391
-1.7601727704860035 3.8332164138216207
-0.8883487055829387 2.9281335810045865
-2.004017003441559 3.3244981641355906
-7.974331464029925 4.874491158206629
-1.6912253989690385 3.1674162560868266
0.6852697247952091 3.695018960145135
-0.529624717763784 4.676944711322899
-2.0472687889592294 4.230018712445262
-9.986231543975045 6.035847690100284
-2.7020007458287223 3.6778535718401533
-0.826604817971482 3.5572909232244747
-0.2433947898128519 3.2080067525319835
-8.02140686455023 5.8935584387912465
-10.707215036153459 6.792600403400364
-1.3605023153493712 4.545499439048642
-2.0344199919268977 4.776168212255487
-2.837742445580366 3.277202011760714
-2.7211373207191594 5.7996148448075875
-0.2537388416127466 4.505174288225345
-8.700532151788982 5.829801923336785
-9.422401828703974 5.645943447709323
-0.24324774064492072 5.071597957193499
-1.6844935914251236 5.227353513986595
-7.211445979296643 5.505004502062054
-8.69954055360871 6.557546664375405
-1.8231287520632842 5.3058668647838445
-8.160185644343736 5.199682563197799
0.6343587116967708 5.295483121402598
-7.651187040914437 4.110344806595035
-2.009346727783835 4.4038471697359824
-9.790094856605473 3.5837283451969597
-0.7672448421007934 2.731669280020726
-1.3180469215235 4.082372547965042
-1.3100319891693062 4.784574941660473
-1.1685562334317958 4.666698650082409
-1.6801666834509899 4.409430985429778
-7.873136750104092 3.9078150158710168
-8.24197701535107 6.52451873270607
-1.1725292620544685 4.165635776827717
-0.31700889731353576 4.516067142037758
-8.31447670004206 6.386174636443027
-1.5187911042026792 5.297761656966407
-1.4554972187451745 4.1494636488538195
-7.541084519402465 5.45010882086108
-8.692271955185506 5.790831496509215
-7.51275774890735 6.159153017037238
-7.773766848858788 7.546988393810835
-7.784334884838856 4.453297798083986
-8.240208099536298 4.845964572565867
-7.782664077382805 5.7348697566844695
-9.004687964445495 4.476413456596713
-0.6250890120994212 4.050007253317674
-0.5875317844327345 4.975956369703008
-7.73745624587239 4.425459280522123
-8.433063195471606 5.12194029519159
-1.0833910252564642 4.214370464344012
0.28037164656862257 4.840025451920502
-8.736161194876324 4.316617924871782
-6.85403067934729 5.950856976046032
-9.63311617720375 3.7639061050038807
-7.12754493606127 5.908064962336812
-1.9835575271065524 3.319918709725715
-0.8615523678339736 5.0400173569287015
-9.815199839593337 6.484096651468764
0.10681262503441813 4.244423033312381
0.12721833779430813 4.7639138836652215
-7.330020734975161 3.901388843778674
-9.551819106771562 3.765949878073717
-9.351085489571107 6.256930082776176
-8.98374699491568 7.16624165789732
-1.664116147144667 5.49086525950132
-8.242057518217926 3.981353248738339
-6.819884678921056 6.180335141621923
-0.9860210724689141 4.531745436656509
-9.042554107109892 5.457525041918287
-0.8151932730781538 4.307198228331124
-1.461430127719669 3.9602380584504595
-1.919709738183379 4.471552338545945
-1.3582312702648576 5.485034513112311
-2.110288839502247 4.484336083014918
-0.4486605150258056 4.159269235551277
-0.546374122318186 4.3443328366694685
-8.697872518323813 6.124130061916199
-1.9351121639824158 4.161323212030662
-9.667426134779038 4.5483590337269195
-7.5256234827303174 5.733028128307111
0.2694164588847314 4.011643009754993
-0.25404740908476175 4.491008272691603
-0.9665489648956977 5.121290832533318
-1.4247246164122023 5.865670601513522
-3.6797347407993204 4.091172797127285
-0.9184348395288588 5.158452530663267
-8.07694695966326 5.425335264633386
-2.066273319024577 4.697155102353584
-3.261681164937892 4.9857956656528515
-9.243097621556847 5.624863593130383
0.28064835570634483 5.676680226488893
-2.2132246066255012 4.715450359140249
-8.551132118570367 4.34213731315287
-8.57344484441572 7.297913141548974
-2.022790327578385 2.5399315270411966
-0.23603923507351676 3.996945419165866
-8.548209179708335 6.326155002354897
-8.469101112967005 5.2532407595524
-1.2366887419985642 4.874996536986892
-7.718322974419103 5.244910835962723
-6.691204952879801 4.533992535218373
-0.5370697130416796 5.187868474597572
-0.6683545314850876 5.252550312215316
-7.630235221628988 5.139216836993675
-9.262757241146595 5.600441417708241
-1.963236208427819 5.44274667072608
-1.5315970272257113 4.0437065726183485
-7.547532414577891 5.549373550963712
-1.270288910280966 4.710558126008762
-9.160811830708624 3.8581156815687785
-8.992967214634598 6.0476632866244575
-3.329780147689956 4.430985992331985
-2.3448757023212203 4.147841697895946
-8.556946518405464 5.670883528437322
-1.3203370949578566 4.691774088754709
-7.847205014690385 6.603724224929526
-9.088892756723073 6.363071949846761
-8.904925368561996 4.955366013300329
-6.561815350188915 5.835677691439487
-1.803549894678132 4.176493477252852
-8.401479698019989 4.1043935629807065
-0.9812174994340068 4.559210008040006
-1.295234777663329 3.1513718316645973
0.021372051551556526 4.346835866872898
-9.350156641033657 3.8190671306131367
-1.0335414647323256 5.2549251046583425
-2.634556097721954 4.0604807338380295
-9.719443390222052 4.770990966766199
-1.7693809350274563 4.780418646736726
-7.998374657706241 5.025101593252773
-8.173720306790063 6.409144130589811
-2.1122009974912417 4.888368268174201
-9.597566638974929 5.008613378720029
-7.540590555162618 6.206458747612114
-9.010315519910899 6.300896875863069
-7.907389332612481 5.9363060532263265
-8.761818079041637 5.898184197072193
-1.0063218187250385 3.8614742961931463
-2.647970275091372 3.9088376892487977
-9.518998241916123 4.3001671341238525
-1.3907582350565268 4.523610141322798
-7.013462439599622 5.660952211148973
-0.15304067720853243 4.672896303603481
-9.935013259139115 6.768837370146462
-6.7943148049195266 4.995865229858984
-0.5477673220427666 4.317243296801333
0.48991916480029496 5.447686271126631
-8.86422069388242 4.752453207674485
1.5720372041241082 3.4937540279747537
-9.16680361561256 4.106848691404316
-6.9161710726052785 6.222531692680272
-9.23606298958387 6.289732345085314
-2.0765578743487656 3.925581519711715
-0.3997732719265149 5.008944954439578
-8.794112391144742 5.326718634469186
-9.603739880946993 6.213824754102642
-1.0612710458238164 3.881410494189822
-6.9442545791277 6.267794038211954
-2.56226573167407 5.543687836534778
-0.5654520745990542 3.0423735632943063
-2.310161501002148 3.8701784968003667
-1.6718967786124224 4.853807861225491
-0.6861028040164182 1.7154083028779747
-1.4608590896339242 5.434387136284379
-2.0867296677408835 4.5691715234005414
-1.6467942402938927 3.829224456571561
-1.1268568567689365 1.7874298973570553
-1.4457365666200626 2.291724085571039
-8.143571239792742 4.869360980700177
-9.09075616161133 5.236093616382569
-7.681906824819432 7.356808196018337
0.2843306769522964 4.359282801622656
-3.3687947396608044 4.058270708583377
-10.217602422428872 5.469153682262094
-7.347760703347084 5.768866659652859
-3.0720206211753354 5.165570827138535
-1.9189551258128743 5.332273623482754
-9.653238896213562 6.418387763659865
-1.3091193169603181 3.044456714383235
-7.130839976031223 3.639011903129039
-8.021810105460423 5.5391693385191445
-10.825760166257648 6.281012533052956
-0.5319072757504414 5.731693605579069
-1.085236680055623 5.5079053116628085
0.2168704989895458 3.878460878682508
-1.4717707856826299 4.372866068064104
-7.8233348552082465 5.923211816289685
-7.224256499086701 7.286761641353771
-0.22772206602187062 5.3649912098098325
-7.291498985691186 4.419871775979718
-8.090712360763344 7.845970897609993
-9.060104538295882 5.631404585298832
-0.9740254088444467 5.756843429037349
-9.966324509919591 4.708208205968634
0.36760376030717823 4.188233859203172
-0.00253109861244738 4.2270492064985525
-0.6510999702542889 4.484667047422724
-0.8832504155784933 3.047435232430538
-1.2972339173641978 5.894637484247937
-7.40214985174168 6.5024944628363155
1.1021762773464467 4.676641700678527
0.45891171954428955 4.955548740345083
-1.1363773007048636 3.925151718021735
-7.617615504426706 5.59776266619904
-1.073688893918747 4.858846413546461
-7.470279141341311 6.156531847758108
-7.8302220977992105 6.282690821276851
-0.961973153312063 4.462480294621834
-2.8610054435774037 4.599216229985046
-2.290840186628575 2.346721985366593
-9.403158027627095 6.010172675918271
0.3983684135807637 4.636802927413714
-2.425839714922521 4.819177738798449
-10.328517082311494 7.668463412791481
-7.1498581641286005 5.110556517800211
-7.583440500074159 4.319639388371197
-0.39737029650782496 3.8925215630276813
-1.273660199389426 4.963944233038409
-8.14408436439313 5.42455226178548
-1.3302893969157834 3.8321972796720347
-7.27698823372938 6.761596199315923
-9.487181227987053 6.336852852196249
-9.142760838563607 4.781697651808636
-8.052715544303181 5.781415345390824
-7.367431873521827 6.3350654326315565
-0.8420562910940352 4.428032341282578
-0.42847317204041124 5.423677259455326
-2.9016840138124147 4.9373168293132075
-10.214453873748944 6.093256817239856
-8.285183986545011 6.891812648887753
-0.9264926032512605 3.40930805456661
-8.311908925029206 5.683357325273426
-3.099897032198091 3.3448567678403136
-7.424437663177601 5.1819015262822745
-7.791005273848657 4.858080203395931
-8.367795759168148 4.881501369718786
-8.409456618258819 4.767613835402209
-10.334293069237587 5.103048614159055
-0.1624720919741931 4.531997696394908
-1.5014431731761786 3.8412447705476294
-2.5672420192556347 4.8107499918339975
-2.4538069173375625 3.2073707844690196
-0.3805205422479556 3.4567358662173024
0.42188517277878934 4.47965475596585
-1.2741901277523324 4.805916753744488
-1.3764836820415989 6.103270349330505
0.7487495752742783 4.823382157600998
0.12832770559549522 5.437666912710958
-7.71335144048059 4.38726825304397
-9.49543604076935 5.789558024099115
-7.478336123591811 5.095347031725803
-9.798067593110968 7.0376999474318795
0.9546027506602348 4.387913640458169
-9.901008972818017 6.322249080001758
-7.688977613218951 6.036689152150426
-0.5490418472866488 4.675381646387087
-7.841865248961004 5.276326128915425
-2.1469337823929044 2.106260858088221
-8.166076042865399 7.048960200999754
-9.479146034928043 5.250366721077783
-9.427685910984419 4.4343025282053
-3.78775838550797 6.046499624928034
-9.544726720515726 4.786167263370554
-7.59536672421869 3.98788563047862
-7.881154500817298 7.950243145312115
-8.947732524346772 4.273208237054076
-8.693328717031857 5.371123195045993
-8.907900278370425 4.764890234180948
-8.388896417730793 7.458967316495119
-1.3493258429628245 4.880620976744165
-7.919253900628968 5.722256750089331
-8.952252092325422 5.983762382696942
-0.8030913227748794 5.261423877394876
-1.871759004733304 4.229723235408502
-9.302436070627035 5.643238285043486
-9.845706811132235 4.053502499488331
-9.225553657145252 5.984176657504938
-9.037127071242198 3.384706083153875
-9.417662595285028 4.338185723751687
-1.3501218731011388 3.9282833612028822
-8.150526864128018 4.779853295236593
-1.6366204494347296 4.491736740143046
-9.70735815624842 5.781276546417059
-10.050364760113272 4.896444124807273
-7.660238663726937 5.467729797478609
-6.5509433159562676 5.710420287664447
-3.3696079389676163 3.2020499677700967
-10.21328156297249 4.2482359783538755
-8.811570586344343 5.315427500690309
-0.4446206309389049 3.849560581514901
-1.6102267702734343 5.335476245163324
-1.3937681036938212 2.672056185498745
-1.6064879462696926 5.117191451623213
-8.784633171297868 4.24543169018561
-0.7677478050953829 5.157361375433086
-7.417885913356318 6.164258333429698
-8.441014048842272 6.005892127798801
-1.2288276074676652 5.123916680690788
-8.413488364652354 6.574158469897375
-2.2063839508967638 3.987284031610267
0.07295969499832688 3.749387919980803
-1.3644723091837068 5.100877149493814
0.4260618678428003 5.416974254338666
-7.2093912119155785 5.8999205878696594
-1.949047262789811 2.317707760960987
-1.4887359226444272 4.258824628127153
-8.727611478425052 4.916832685074657
-7.9959085168616495 5.2847413061677475
-1.0100629150726024 5.36270355839274
-0.50059188815297 5.9451077152397165
-9.43830337225821 4.17161037964169
-2.105563982148686 4.863270294645225
-7.391427452797641 4.790978163273133
-0.8988701251966023 3.2562028738614206
-2.203037831423225 5.385434841212912
-9.14747939989693 5.542508394752219
-7.835581752846359 5.820057683376765
-0.3867404275775215 5.350995318027324
-8.42040957062146 4.748141897512411
-1.0058326736382388 3.198389385176581
-7.534982443562184 5.745441707903885
-7.335277598189017 5.435127450617469
-7.691090230017535 6.351838889870035
-9.827301766427947 4.655703488159638
-9.942242634616422 5.585252101408002
-9.329507996902391 6.096575389144337
1.2962178543182068 4.553013494928564
-0.21849384978301645 3.918774698144829
-1.7588281882475134 2.0688440799710603
-8.334924137555383 3.9801068356068394
-3.1563472911604955 5.574436910291457
-9.043589036806745 4.205918461675145
-7.267552018405009 6.57893282964026
-0.8778434347701705 5.502891584677084
-0.731017240733634 4.173418765328489
-9.724246170231066 4.612530031385337
-8.929357733537284 4.269933266541883
0.10647247298814433 5.36746385126589
-9.679678207231683 6.079731682790578
-7.500741061740653 5.695395410358557
-7.214788143680623 6.6132225737904
-8.029287676067188 5.417327467392599
-0.9035486904760186 3.718818193440434
-7.713569828514557 6.389732590969349
-9.576591938257419 5.811788636005653
-10.232734731734814 5.224475899175605
-8.117018379486481 6.0609713402429
-8.578208260460919 5.610204364384604
-9.06158859647065 3.4760263727696015
-0.6513652940499539 3.154235503349433
0.18676181659102897 4.281048425908554
-0.3989391885314294 5.63252605923339
-0.9318766801903628 5.688047004552527
-1.6380949827822295 4.447417936516519
-1.0518544715378368 4.8132357172042175
-2.4786054832248947 3.9760324745346822
-1.4025738274360102 4.815538497390672
-8.657644332899944 4.185029222679276
-0.42363405144461874 2.6265703016019564
-1.6338649800860878 4.902514449263698
-10.51901674221217 6.205460389389211
-1.9170661345466702 3.6019471015279083
-0.424193835374025 4.599531770587595
-7.929776445671621 5.319773503839796
-9.541079527083248 5.262532972999253
-2.7509533809322235 3.3984768709933517
-0.42341999618255044 4.99732557649113
-1.8053054053108124 3.8108307862658903
-8.582687894366854 6.122887677461535
-8.328672881242596 4.885848097531324
-1.8954168895799253 4.050341353242986
-1.667051540599701 3.1286083599135277
0.2957458717879986 5.205994131056041
-7.328518294051223 5.251171662328271
-7.576122117266627 4.723050108437554
-7.987499015279154 5.028903574283796
-8.01933057984567 5.479321620397521
-8.200395394589831 4.849310108856767
-8.988796360454597 4.10377195426077
-2.3492922149879214 3.212616008936238
-3.4140175757521254 2.7804184945902177
-0.06578075852926779 3.8584672129269877
-0.14883165306868418 5.583351207208334
-2.7559262801928215 6.140824455074255
-0.5172600447800536 3.1255139134898933
0.4019486625279529 3.8262243176012882
-0.7722025447778418 4.7066731941342
-9.49765202793447 6.680682615239263
-2.6191585177237746 2.612401287539922
-2.809682360520884 3.70525812142184
-1.1684901989626553 5.210971868016116
-1.258092093730281 5.112143668202416
-8.204422582012969 5.07377122540144
-2.1199896597484784 2.695584467613502
-8.879062067948542 3.3100607428305704
-0.5257573873507094 4.817178923584297
-8.316976484090956 5.776625504872967
-1.6041139765508066 3.9337459926225766
-1.361097344293234 4.27355165192638
-7.914889846775959 6.269376900223808
-6.861889403615057 5.700280546971518
-7.976782503246701 5.974868776596059
-0.9566499705034686 4.029544457882095
-8.049874101214785 5.758500013850942
-1.508606553383053 5.730878139213045
-2.6461738106653785 3.625107010689719
-1.3891229079724174 4.4741384796051635
-0.3089960716687514 3.756998996032991
-1.7385884325409486 4.819163882955853
-1.9933076594141799 5.241554668576494
-7.670627967978338 4.213368791672323
-2.557258081436319 4.748859645776354
-1.4455863218324503 3.8035493510835976
-0.8838981996604887 3.8802183270979835
-10.343114451523368 3.8175607936679654
-7.985208796628171 5.960565845753385
-9.401649922653728 5.27697423937798
-8.917329341327891 7.4607191032236795
-0.6136423441569825 5.454403380475878
-1.2557467440200563 5.288321327526681
-3.193083241587428 3.5915084508599504
-10.182173415687911 3.7952771863225516
-8.495358681938837 6.903210674092471
-0.089944963033874 5.1387167098858955
0.2923628401777447 5.121585452667748
-0.8557014636566638 4.281325189628958
-3.5792914468127575 4.547190345676699
-8.884754634812579 6.443298959140693
-8.815951235947718 5.126449192668772
-9.095623728318515 5.789048910081345
-7.943939721013713 5.854080478824293
-7.001035243187129 7.15944676218235
-8.640783949252443 5.368571912111522
0.20490425114571176 4.40722956120702
-2.2103846260383895 4.250258208220093
0.9121036977107679 3.4703951754579982
-9.462221793291038 6.364303051807166
-0.6349724653359797 2.6686144301920764
-7.406121534769105 6.660986015965819
-0.3438730255186887 4.115907044987339
0.26674676693588606 3.6958341643361328
-8.994448616765588 6.265959925790872
-6.571906068121024 2.774545278440904
-9.158163402623483 5.388245176703069
-1.5531419511240978 7.393611610609144
-1.6852269582510178 3.6368401498181813
-8.61596971037995 5.155127252747933
-0.6327235405284 6.139442456651415
-1.7478660240802006 3.2417650960937343
-9.074916890837272 4.6101906265374195
-8.519220242381502 4.147697145655718
-1.644520305721056 3.641025440514607
-8.151316455862064 4.159289273589037
-8.1280097838912 5.365372180129484
-8.747217018766635 4.774915760786099
-7.338516790446503 5.68522711312009
-0.9139092059237053 5.232172099875921
-3.230812880790918 2.9145842695947897
-9.730684818298137 5.72126562726329
-1.663091799335942 5.395180656812441
-8.179020508675313 4.86212655399805
-0.3074410395600896 5.0412917709139355
-6.291874645322162 4.7682486878520045
-0.6750692121208863 4.26075409835137
-3.4728736887204503 4.953496365784991
-0.9006704572425395 4.262051171602888
-2.1113017679207484 3.339551320883622
-0.23445134921478328 5.844667357300526
-1.7988325241884013 3.514933805642478
0.7707964178021687 5.241754862265959
-7.112181632671255 7.294826372806818
-1.2738604123287272 5.698456574593794
-8.864793290249901 5.258535429103771
-7.91950589241515 5.142440223703383
1.2359054871093882 3.747831274192382
-1.7931620447175347 4.948371547000093
-9.19908116325032 5.0261846121297244
-7.854447105790185 6.490635250212997
-0.7558960845682485 4.305689684361135
-1.475167426297816 6.161455361364977
-8.316976457297043 4.35500320831994
-8.338126749541765 6.4565757188892565
-0.22742179846766586 3.6537545901859403
-8.168696916751593 5.194480396262184
-0.13337063207091027 5.676077341273155
-2.0954882980855065 2.7658580259547274
-0.416504646561778 4.228342077601425
-2.3100450672752224 4.217999165227112
-0.9035708178728036 3.8782160611331045
-9.173766509985349 7.128370893919236
-8.246634535917343 6.723330427075304
-1.1444435126852797 3.4905116897630624
-9.290914459349704 5.790683543621212
-7.641326151908929 6.602122315797624
-2.1818138821334583 4.902222872088775
-0.8067776768707926 3.3968535011147707
-9.451633191726316 5.632389214044438
-0.9759997979955647 5.865150489570764
-9.137751983795157 5.637036196994316
-8.272052630147913 6.621356150120748
-8.443115049387483 6.034161979983509
-0.08865846653942722 5.307494601584837
-7.381895410276033 7.3127560916713845
-1.3216815456821225 4.868141348224422
-8.162823422886936 5.671519438615228
-8.228435367849965 5.948225958470351
-7.2243979847816036 2.5216549799380776
-7.8776936592725715 5.544185658779748
-10.081047044333811 6.57126863279543
-7.452518855041045 7.108738813249205
-9.608156250421212 4.544531699688193
0.34283579106044226 3.8845817322409113
-8.846660636783115 4.268594236810217
-8.057426677527365 5.179994026379209
-1.8467755748106534 3.6043286589871113
-2.410269700628333 4.262111802906835
-7.719173979712991 3.462582932877625
-9.47079891352462 5.808800436404556
-6.718630181140433 7.292874544792543
-1.5548868651307888 4.343786286325593
-6.707673334591522 5.268962092889228
-3.559699167411366 4.782962613666293
-1.1218576798033306 6.141653461129537
0.25563209912228957 5.3941996519655255
-1.9593900933556538 4.696111005469818
-0.4801798201888432 3.3051527826743943
-8.883225839240328 6.924122765903215
-7.440720033615152 6.1519738630843435
-0.7907747935434679 5.242429248070585
-8.486076399127299 5.522712383315227
-9.201254565989737 5.461480865999717
-8.56860966296075 6.791461767146304
-9.028957241776155 6.771639489344059
-8.047099842317099 4.566736529213368
-1.235242524483549 4.887943503283078
-1.5044872702260275 4.817917452025538
-11.556338978238518 4.080375350840854
-0.1184773060620925 5.257598059027526
-9.20541972486941 5.263676648668693
-0.8168656516221535 2.8966478276628074
-7.698610490018273 4.825300889175989
-3.171475633162684 4.719916864117779
-0.5221076623678426 4.870313461591872
-7.574905238336974 4.316845299692494
-7.635912379359521 4.423657818428881
-7.75810590930472 6.253005128247347
-1.5025586254288783 2.431854514070449
-6.9705156921039455 5.385642877784732
-7.364323837755759 5.9040508458495715
-0.774389228083385 4.642273986432376
-9.949446869841852 6.379861068535203
-1.232236916276188 3.4884844907883017
-9.111081084951035 3.774197721598997
-2.392420831030257 3.890059272750327
-7.6331009703773205 5.418389443549943
-9.561206680740444 5.481145676052144
0.07010146360970282 6.146451195799811
-7.413708663100982 2.8035910830477113
-1.7414600405149634 5.367730002862876
-2.2019128074595846 4.890039082921515
-2.1822735151759374 4.942389935563957
-8.522959666387507 6.227514030592433
-7.697759981974517 6.281944344796883
-1.4787310279685062 5.415388261842665
-8.941992398172243 4.602359936087929
-2.7253569261713 4.706724284460176
-0.32540942315812493 2.973132145165086
-8.421654719143028 5.460681099239603
-1.086127035965426 4.824813372116871
-2.6013375973158555 3.7521061496179278
0.10965601307598227 3.8367394315047796
-1.340629414978437 2.8741354047587904
-8.357274272785487 3.7445699732945865
-8.723741814957911 5.5000417641586585
-8.058331598222846 4.674831188089075
-0.34073416730799133 5.259078677031587
-7.160575263511524 5.7750651933387545
-8.394337491950862 6.121797403871924
-0.663306584495811 4.705882283615193
-8.601685086264855 5.453664268973996
-2.34592738719275 5.37302059227328
-0.19770810319019305 4.248540894022876
-3.0927068347541553 4.781574866657967
-9.665906622413825 6.884245297099103
-1.5863236813337112 4.044324658814446
-7.229192439553031 6.412297280366231
0.2144792252670069 5.480795929945775
-0.41971018151621353 6.212937254895189
-8.96001143758655 5.827855605348271
-2.010276925245181 4.497801759009966
-8.581501285994184 4.196951175074916
0.10416849744937284 2.6909945724404816
-0.5462023022713058 4.184977246811864
-10.743338573969496 4.981450591594334
-7.203220557729026 4.814022925085343
-2.069586078754435 6.417558214105637
-2.0769487768820714 6.3539685281747875
-1.4716722888989906 4.4847728069953705
-10.031536848348303 7.07528281126983
-7.218473652572287 4.552302912056325
-7.7131742420897496 5.509311225992269
-8.811967571630188 5.207512958987186
-7.840048952176648 6.489560606283055
-2.333313179138238 6.200182695975012
-2.5739364990831968 3.802432047599607
-1.6347645394732297 4.819121372439703
-7.928229592453988 5.7166749624870405
-7.843896313361454 6.552771130167322
-8.083107409231793 4.157168375951355
-1.5738440487121523 3.15156040033038
-1.4616645399848447 6.636624007181815
-2.1260023316557533 5.439575969860018
-0.20838709483947015 4.509834722096099
-1.9536359692445902 5.056564474526823
-8.844949063723242 6.3629164320116764
-2.5129729963638754 4.171222963125661
-1.8396362226525116 4.609761401285222
-0.7040237332084952 2.385517495952803
-0.9621614125495235 3.7355899509363324
-2.3476155762717417 5.052270419346628
-9.067486001569408 4.396083813653059
-0.6056369005345441 4.150901455982188
-10.157231056158945 6.613390780263183
-6.933177292489466 3.2548169133504783
-9.439324750273325 5.613399180415964
-7.5405952102944855 3.814961103839509
-8.333268755309257 5.429333786812574
-2.0867224748779476 4.024744425841622
-8.734098135197732 5.829835633194796
-9.149609713344026 4.575305268200696
-9.378994299953334 5.920690249128551
-2.8941378939341673 4.595456148363112
-1.5152302137891995 4.92931773739598
-7.8512048681478745 5.446977413688096
-0.8476947911890684 4.976455262021021
-1.8261044374213327 3.4839188472918643
-1.0106163406237798 3.750754748899243
-2.1297970782073974 5.731296565941022
-8.605244262133475 6.4472924818295745
0.36327873830951485 4.707159946359936
-0.5391124113616702 5.074388762276278
-1.0476037518960144 5.339379154717418
-1.9542636129226914 3.1713264743526213
-7.090464732712242 6.625623724317916
-8.981141502105077 5.467136024138008
-7.191741587503134 4.647185386714562
-7.869202928637389 6.534387545033404
-8.994806547825169 5.808097901778893
-8.418787478499082 5.400749964730536
-1.3017557949197025 3.6005035654349573
-7.04711305587202 5.755219828506476
-1.2968194491598148 3.282446814955779
-8.3900236374031 5.053916243574347
-3.9845846369618974 4.491278811171801
-7.985551956404876 2.8368583767319024
1.3492088986007662 4.687156629351988
-9.798475548102086 6.263579529760005
-7.300023443088491 3.16428677362855
-1.1211512043215504 4.126212385273782
-9.867610792347024 5.800433294570301
-0.4787365040332213 3.665528012465943
0.6702656081626168 4.788472951072061
-8.667690529475086 6.295669954581869
0.8053263899744914 3.831722573927422
-2.1884305843101233 6.155524645897788
-7.743898292695505 5.653991529065516
-8.052787247568164 4.607113586396314
-9.066623835317104 4.731656080146648
-10.5264697207962 7.6621713958651405
-1.4652028903203067 3.0989151386359226
-8.532591530116388 4.384922729818872
-8.809021754416946 6.342389080330413
-8.549648078826774 6.3796776558527855
-1.1993859199304422 4.923873895324772
-7.700539537396399 4.852253923076349
-10.42581231106598 5.971706628618981
-9.414113326759798 5.467100194709794
-2.304593794019566 5.5181650458003935
-1.5791269930335878 4.754790677710245
-8.699803269180897 7.0986946389685
-1.6359725095593687 5.859657423999745
-8.615914424400403 5.0678535519180485
-6.350360603736689 5.758613792860926
-10.030121859369547 6.357101045356778
-7.595698210615032 5.230463580864065
-1.398819318611386 5.454735279637868
-9.873762223336243 6.209956950871954
-7.87494643016144 4.5509755352681305
-0.8494654533724091 5.057187868788499
-8.592790084632043 5.100151765738728
-8.859326213162904 5.543227777489023
-1.3013929411324114 2.881339487249919
-8.097674014118057 5.10172893162878
-5.8352954105203585 7.580561175286842
-8.295543970914895 7.338722140195117
-2.40206952762817 5.26491604522663
-0.8779458805573195 3.186390064678509
-2.570552266024924 4.182931214489194
-8.292641112235703 5.831618780906152
0.38740785562731395 6.031410067902756
-4.223211391611647 4.232036219903111
-1.8708798397277986 4.667455279866896
2.2682537208738576 3.6952743306963227
-8.00026864502781 6.484256035709878
-1.4512908010313708 5.407232812063697
1.227000521419714 5.494687556612112
-8.010726328321677 4.421736754915804
-1.186430681368843 4.793399709722331
-8.474724598378787 3.8436515384568724
-1.557009647548719 2.6942019418972896
-8.109705169620025 5.712409624102823
-8.35183558928706 7.377402076026729
-0.5822111243018404 3.903565849687147
-1.2927908749111858 3.7148032748873083
-1.9883331844665426 3.9317281180567427
-10.079831336761897 4.6219986927186
-3.133897963477615 5.4682088753183145
-9.500041878641007 4.715148460917178
-0.8910639355721466 2.3470077667080216
-7.06883000536208 7.184148732477684
-2.4638993310472936 4.058600169811803
-9.2093820546234 5.057115272458091
-7.9166576807474085 5.109919274277889
-9.221223603511914 4.815792951100879
-2.1696829502083235 5.192265386950073
-2.42114311342998 3.957024582775017
-2.409076276184864 6.2422383035326865
-1.9225828819572666 3.2582464131841498
-10.026325466896346 4.418750009586184
-6.874201782590535 5.348891343871202
-2.004789672317976 4.911157228039791
-0.7509755752632511 4.71303384361754
-3.0858102364938693 5.600695452574169
-1.556782134438172 3.7639390070632284
-7.729466869951529 3.9590856125527356
-0.6188652958082294 5.879409571179339
-2.6350477273034665 4.491760488800376
-1.5536809758049874 6.319966916484982
-5.612767021798097 4.988285798708914
-1.7910124630803166 3.7988515679657686
-9.91262200635958 4.432048357662198
0.04610680983947546 5.112458937865872
-8.700727400867756 5.289960594438776
-10.388374456508467 5.706645055648085
-0.6395854096508992 5.605556458723821
0.045357359255116414 4.003679081383738
-1.792210130534 5.166042669891547
-9.204834082250214 4.798160398353712
-8.684778063833214 3.8416667255117405
-1.8271509986612005 3.249144754502143
-7.968534838324104 5.3370194296106455
-7.588946259013081 4.6892575979729445
-1.2462964402380579 2.78159323506456
-2.382001525096187 4.840401944810668
-3.23753212747665 5.193756016327985
-9.216387737725423 6.670845976377788
-7.307601066534686 5.165051998760074
-6.823134521334381 5.752711380258651
-1.659250324344266 4.538503435030448
-9.477812204579555 7.077048520584921
-7.480291322574748 6.910637608301887
-1.4354135162858983 5.221355524536137
-8.077269706777974 6.769769295012812
-0.8380156230452748 5.536488185827753
-2.0063764610758703 3.652605482801732
-7.767280734997145 4.991694064583441
-1.5247541895322358 5.20330991942773
-8.23361092082275 5.363157445158512
-0.6130175814593377 4.830476229865862
-10.242605912600546 5.375425688356792
-8.37754819943311 5.132840512774971
-9.17042522817946 6.181346148088248
-10.115267182759474 6.769376838136366
-8.682018850555677 6.6294112729367125
-1.9839477454644499 4.779468806295241
-7.307255056638809 5.628985489977296
-6.445374286830827 6.046382476946294
-0.9370061980457358 5.31043088343821
-1.3051085710099288 5.686804092389423
-9.62983025932978 7.097581508149097
-2.3520767172788823 2.2450005014341534
0.2707549546670931 3.0825983713843934
-5.963022829417097 6.073497024940301
-0.04578307499579881 3.207635137259945
-1.810882483049074 5.657509489617349
-9.199304230107826 4.036379999517298
-8.450386657718292 4.458436529493646
-1.3612036713544349 5.03591420481352
-0.38814893194965683 5.4610571184755665
-2.4587330445736755 4.740508122820613
-2.9585805147689914 3.007181665011542
-9.709326280536484 5.407795591221908
-1.3042052991021904 4.66438793044476
-0.3967906714346886 4.460555770191244
-8.465919208172277 4.550732151276479
-0.6196722544335996 4.861588147801662
-7.748852239316391 6.674138305108747
-8.989794467279577 5.660579276606598
-8.250226028116106 6.482653475891505
-9.338324204106602 5.9727461945398685
-1.8576389585503528 5.385638711296973
-0.7278299133613916 2.854694862632562
-2.4926753272539415 4.796820159043077
-8.413136177777682 6.852125119980805
-7.1625123278743885 7.085930333972845
-2.8108416535389944 5.490496872957387
-8.002056453394074 4.4968762180772215
-9.401450226009365 7.78589327074248
-8.782438451158233 4.651028147618925
-2.0443814284327932 5.163822054049142
-8.45934526754458 3.8047271030019143
-8.862688444245597 4.824627998003978
-1.075930010386693 5.936131552772242
-9.042290067315621 5.1725814423071625
-8.803536957212835 5.091001875963368
-2.067667841104285 5.934172915099287
-0.62384849319378 3.8163971403539896
-2.259250014241923 5.133059976922122
-0.6515657012028238 3.604899808371234
-7.981689753346038 5.567866994860885
-7.8880493698366445 4.001818031534155
-0.9327768654019661 5.0219011846486525
-0.7593409159525868 5.832349927744643
-9.190972308891876 6.510638745654768
-8.581821883850235 4.874510063750581
-1.0352938306048598 4.473866662114798
-8.716583291193404 4.145134432311503
-6.213887225894595 6.467415174056119
-1.396103674320245 4.080380987125613
-7.170055898556543 6.478314500292264
-2.838596553838043 4.3034939614811405
0.16375348708118453 3.4262591090925723
-9.499911775233102 5.27674099277894
-7.276442251275721 5.4556347773046845
-8.768526108807011 7.0023753576773755
-2.116617900236238 5.09896712757263
-1.6385602197283546 5.041832951365745
-1.9487433919991446 4.736991403348804
-7.249177099421048 7.762647908147053
-2.316573290612288 3.4957032505119394
-1.8942703288272322 5.044924107940075
-9.06010291060769 5.781056981382425
-8.440564331734247 6.614663072486987
-8.673988475347572 4.812664560352604
-1.347968406690563 4.5838123266042325
-8.693523603499969 2.3428606079469336
-1.8762666895318927 4.030708532951
-8.659194751672576 6.0368805875581115
-9.12787335710101 4.401753058731496
-0.24853057824265834 5.1832067270858335
-0.010743329604395946 6.119625622168792
-6.955037021233386 6.66765446958442
-9.102355914622139 4.920936606924092
-7.8245209996226714 4.129822743405699
-7.463293212703773 5.448015876062157
-0.09504477444526471 4.796682174367316
-7.170462811424217 5.305269136649764
-0.22615237772672514 3.9468852572724558
-1.5185032811331443 4.121002502848927
-9.755792394827713 3.7571537149072918
-2.5978405538163205 6.606445875135316
-7.925089092742526 6.275004834358179
-9.84369393150005 6.329530230229683
-8.375301663840094 7.233528333752026
-8.835502525185822 6.38688041891929
-1.9179129619042632 4.429732057862371
-1.9023396212004182 5.56470552612278
-8.490663757825919 4.408625840143721
-1.6353975863926578 5.111894320212421
-2.4529011147612687 4.799203083172717
-8.735006845999203 4.522388905433181
-8.37715962935656 4.762203474754428
-1.6496684992197048 6.941655389730958
-6.983406217932 6.598468073219095
-8.543427719277586 5.42311382850534
-8.754942125334274 4.062273548589818
-7.078274237597691 3.5904947506327023
-8.432044413347612 6.063426437344234
-1.0996929812555019 5.939393618167051
-8.430908654568967 3.985039978540259
-2.979418211054185 4.5096038415086594
-0.17102611232393272 3.1061861829620216
-0.8764109471516777 4.461614718021574
-8.562300880632652 4.3591288083314135
-8.283116702458258 5.326391794457058
-1.0942200742640593 4.800549039582165
-1.5207788916916711 3.3146139569593167
-7.110610823954795 5.638305656473228
-8.37240022730924 5.8509535803576105
2.5110757817053044 4.73213190798953
0.8818673785092175 4.697386701723186
-8.989876712662882 5.907536697495252
-0.27496516906664215 1.5635725688150282
-7.579221105067553 6.256396715838987
0.47646040305159176 6.3532684402257145
-7.136514184583351 4.894298668545511
-8.23512558350334 5.649707065072672
-9.417151395367698 6.221058335068796
-8.842652680968703 3.6920059662718248
-0.9763427098630735 3.9186070812685045
-2.0230547085496364 4.025513583201686
-2.620232733967028 4.246830568092283
-6.613778540293711 4.101102202445698
-2.142388769189294 4.647170865003348
-8.942009787288685 5.937280792537416
-3.248623677754825 5.136411561764884
-8.600743361531547 5.079238543654067
-1.0696676011095625 4.598274393094267
-8.024206400645564 6.178033166065773
1.0738935814800867 3.800208479028685
0.0692582001494626 4.513379818199547
-8.986744224932512 6.389174528906758
-0.435628849786451 4.614327762562681
0.6501646944836199 6.12150453012462
-1.0357516251542558 5.656836336068925
-1.2381168647736613 3.7976248297815887
-8.894100534328217 6.6247471756150595
-1.3728074473849485 3.140693919859419
-8.20769231275511 5.837641711522785
-8.667995527042962 4.439204970954201
-8.642092476467226 6.400913439352933
-0.3085337228123629 2.5525659263813028
-7.480223064154751 5.950173032226784
-9.185418428824725 4.628009955836948
0.3848276006146969 5.15519274519085
-9.359956063887864 5.4225839822715
-9.610971000686055 5.281510391579617
-6.9491660835131075 3.7220492487718007
-8.325914519677621 6.155279583291169
-0.5430172731374041 4.499554493391237
-7.15219656421809 5.293423100119065
-1.3160248341990883 6.2204140008022435
-8.807816515302845 4.117971882131128
-9.184887408644396 6.094501267041369
-9.888780031278177 4.952198539029478
-0.554559721797473 3.8910754950787507
-8.666689672870637 3.8203629918437843
-10.384583090143051 6.234788703781612
-9.160843455911126 4.250063384642366
-0.2166623193706294 3.79336718899487
-9.708199132844651 5.282947873512292
-9.13854978600458 4.214579543297987
-1.3213255813310523 4.83864828172416
-1.0829510237941036 2.9741918465214447
-2.4939983432819695 3.792963256615387
-8.38567928792246 4.261855294846598
-6.5796981090021776 3.889746208641631
-1.1271119929655369 5.578819786296012
-9.14523389913584 5.252455476418811
-6.5695278381788835 5.318268780321037
-8.900678303233896 6.3839278263404005
-1.2547241838541947 4.774925952010106
-9.723547782721273 4.100787526375015
-6.7491883162924 6.64590750193442
-1.0987955478432956 4.1553015158157045
-9.156206563151432 5.220956808026198
-9.121939505413216 7.3459530841509375
-8.024631430274189 6.655733371451431
-7.7576146388749905 6.3117042358148785
-1.3981369912191934 4.0563333979176575
-6.756104162860621 5.140249051916284
-7.69520000294203 5.747803541100951
-7.406083856480626 6.686210089000786
-2.8736723245467286 5.2229371356908825
-1.5611921963586537 2.834166588310935
-0.45889571078957647 3.7051012936231107
-2.2240950623510125 5.899573319114186
-1.0278811106613306 5.763014401275437
-7.939386004796859 5.232123316559238
-9.31701182497643 5.163993642002449
-7.333360632024256 5.7955834371024375
-8.878857460627566 4.453827870156465
-6.966593673060375 5.10585499786542
-7.51515980628656 4.6259536443080425
-1.6114086251003077 3.865379249948554
-2.1827571495135216 4.282551990760445
-1.896741934270409 6.617584879870426
-2.6793277653659047 3.9012974433177305
-7.926190608206426 5.886536277025403
-7.674144475527958 4.7053743248488065
-1.7318499903188682 1.2633350608111735
-0.5618158062585257 5.672618241101316
-1.1549815722332402 3.3834201002395345
-1.1094183139915397 3.9507252568837847
-1.853556347881914 3.8116164073964343
-0.13661221544725555 4.6594113451555375
-8.280184207895347 5.756576037571457
-8.999263931993776 5.882684778134424
-9.915377929159321 4.254747279911826
-8.657954037867253 6.526507122173001
-0.6573312086950244 4.524922727854804
-7.6840901766500735 4.113223022790656
-9.01917322335118 5.857366473883436
-0.835274579935176 5.946063157635853
-0.6172919329357244 4.645212141140587
-9.589001870641882 5.24454467089093
-1.5405988928799148 4.240380535302687
-8.43541629158566 6.08819798193422
-0.7872294229491523 4.66497332138839
-8.051837971684696 7.695501853478694
-0.0605820110373303 4.567466045622931
-9.77266409647925 5.895320554175816
-7.123929729601412 3.9856109304598224
-2.1779468220916156 4.72040305111878
-0.22727415678440344 4.306295663327692
-6.281255567147778 6.4914558967853715
-9.38209006502403 4.693134276710858
-0.7574468874944282 5.285847374082719
-1.111740926540089 4.292259342299813
-1.7016897334058778 4.519171641966329
-1.767883261162382 3.939829520962583
-9.691153465139651 4.852701324951106
-2.289367695334768 3.620275999984976
0.16911362398533236 5.2615837520321636
-1.5638383280202368 3.7444251334768204
-1.8644492103403327 5.166361585769124
0.8442167474524913 4.249710711760451
-8.533835655539537 6.386061186415365
-8.04823332645411 4.5024933131003095
-2.0934278806492683 4.774285205576494
-8.878271881733705 6.126995530017302
-7.994048865009696 4.792224891266024
-1.6804792715795005 5.264670705392096
-8.451589473980295 5.169307251246301
-1.4257070817519808 3.403010173753066
-6.576996632453043 6.4970849944463405
-0.816306251610573 4.906876215963186
-1.7835848897885123 3.311309957481252
-10.124909801926695 6.133805201128384
-6.945649596130923 5.17587931504124
1.1319772840381264 6.742548541389325
-7.905772325192874 4.8455386483808285
-8.11740558305763 5.583086701116857
-9.905538327140146 6.032285291141673
-10.538249015642032 4.9362165051354845
-8.37812324295435 5.358336066779614
-8.784284219127624 5.910429636704854
-9.116864979891664 5.1554691181364944
-0.7207563679126441 4.666813081104912
-8.173153797497948 6.817694728770922
-0.9401369897648193 4.919372336814013
-7.903860864066427 5.9474843190445155
-9.678054058120589 7.060351472015817
-7.722166763454339 7.143413756387459
-8.669861524828821 5.007606025939157
-0.3964128932288501 4.066334521982642
-1.4460179484608169 5.08146472060182
-9.756444826912471 7.2746834390927
-1.5290456242982466 5.952402408318755
-2.462436080927019 3.8556088180533434
-8.486828683978473 6.991375974798796
-7.527985362871273 4.15394791237974
-1.3329233094387214 3.444228917025087
-2.8460292730123617 4.253272362473368
-7.842115645190629 5.771087545772868
-8.860974155807245 7.627448065563405
-9.605885669468089 5.2652170301188495
-0.6156930005754417 3.648331151462407
-8.394694277249474 6.894951906193502
0.020335923031449488 6.133607788594185
-0.3252021642704076 2.654470321209133
-1.0526537695209521 4.49103543996922
-0.821314762363865 4.308258756630377
-9.358879151100597 5.31121794564833
-0.1341101075977491 3.9360295382819617
-8.57304344281366 5.4627313062471075
-8.732150545758467 6.736354904896356
-9.59583345410923 5.890360174818907
-7.394496811687581 4.86832776869308
-0.8947524500813998 5.465914701778686
-3.460426174437506 4.76901201480368
-2.4083797136034226 3.4846316675212536
-1.2378612262715583 6.6530654698179585
-1.7723297339444302 4.017979140514098
-0.9384568003166753 3.5479832820965322
-7.79060549279866 5.178440913211997
-6.865202197110422 5.546192219464037
-8.21042214921566 5.493596961349666
0.10892127569659205 5.70207799073185
-8.774027949321018 4.418393751344087
-8.744525012732844 5.060567043041939
-6.671856483700751 5.058409508095462
0.38120716620626105 5.402416501313593
-7.8274629288563125 5.619842235538491
-1.8987135257627012 5.263804867182263
-1.4139707650672118 4.669212306131628
-8.206004733675035 3.951285500301706
-0.745299996675632 3.9767286269923683
0.21474625201877218 4.187990227116843
-8.49078270803319 6.138114336744337
-1.2487054475082469 5.065375186280406
-7.509633728129447 5.882012268637083
-0.9929766305248887 5.272842507025478
0.054331772501116316 5.441966193036407
-8.742628592906271 5.622718585173402
-0.9105084120420381 2.878924020217318
-1.3738609426798996 6.209556062828858
-8.655524470090864 6.571112347480605
-6.517313828141896 3.348744625699596
1.1974844791788373 4.733593719435566
-0.5987040596805407 5.197750894311047
-8.053033233746213 6.370353273804643
-9.078728972217526 3.536692108794526
-2.125731139342275 5.55653416069052
-6.380447015967231 6.2822673380959175
-2.3785861681703704 5.486326441873661
-2.1579997373033653 6.084707189305244
-2.6366093325694315 3.5697237029640823
-0.8539932308601859 3.078391798845345
-7.347047249579243 7.02064263722094
-8.605888313257596 4.85601960830258
-8.498086531365795 6.679349624997174
-9.202967901107538 5.704985057421809
-8.79724583616486 5.752720831229858
-3.1121060114812362 4.597195657022421
-1.958898591297336 5.061354783916713
-2.028752444432456 4.990459872200753
-2.283885507092493 4.94851032358672
-9.382460078994242 4.4391887747383985
-0.6993788120950354 4.554879637566507
-8.21840619007228 5.747671294287362
-7.819128508817746 6.492728149622826
-8.312508751798026 5.672328571148385
-8.84156593074773 5.0549045716806535
-1.5422393004146868 4.632109527480828
-9.066225805310607 5.637544494529876
-7.599589738289577 4.355643802745691
-0.7154613060726971 2.8280337957577686
-3.1430698893316125 6.019625074859763
-3.2852994450476714 4.177927326699288
0.8015001511223625 4.586368238142699
-10.77308309043006 5.672207702377235
-9.114809770060655 6.280235664893945
-7.698505202010362 5.357421628696658
0.4911627601047719 4.951572415792695
-8.852652603700758 4.926524783656491
-8.133043488867012 6.084124111142928
-8.977521397869731 5.848562012058201
-8.117031740897406 4.432244557104249
-7.703871089230296 7.482049946310699
-8.393209386445893 5.118322839843437
-8.617718519936673 6.329085980671318
-1.9678502019140591 2.4592886518788215
-3.0534277926739337 3.5270111043983414
-7.289711038235403 4.676979636278802
-6.6519905896149885 4.053789698335477
-8.519456657495738 6.108826478858999
-7.069553574183413 5.155232242591596
-2.422231520634655 4.521517993632744
-8.841231574167704 6.04852682344136
-0.6675006074348335 4.531322220064481
-1.0046541361708827 6.049512793869081
-0.43574771179037064 3.747824104787794
-8.466786523413234 7.152411041217885
-2.961800849901461 4.791956600058897
-0.723677785143199 5.4518143830199115
-2.7060347749179536 2.7662395868498812
-1.9772767578914796 5.421788223908798
-8.939377383185288 6.170948772098116
-7.352277315195142 4.920516489983143
-9.094288712417246 5.539975549794837
-8.492940604140918 6.226743881106077
-8.870487631459214 5.65321403844289
-7.812862270036503 4.846351629220525
-8.625419322415802 3.8296388835786632
-8.668715715329146 6.190761087403751
-8.606621747759656 3.698514525519945
1.1262304850346516 4.578940322840557
-7.403602167927922 4.932415523080462
-8.773545449848683 6.895261037528966
-0.41919413846908504 4.94557128299008
-9.13386396447704 5.070422007958172
-1.5431182533979633 3.478248966942589
-2.0856234586681026 3.2901878948671257
-1.0173996244974535 3.9031928136262946
-8.16088862749774 6.692633723673293
-8.205285722405325 4.043691155721978
-0.3548426326152506 4.621245888393966
-10.779017486122063 6.501781833767728
-0.011855218616430907 3.6484498936943717
-2.544788043724914 4.7186509137537325
-9.20386006472611 5.484900996697167
-7.267613357865482 6.229056406619374
-1.151649984646973 4.163143758171782
-8.152288019874504 7.832284073571907
-1.0487211858906649 6.14041077224783
-2.1065856439283293 3.9099965600462743
-7.880706060710961 5.298547790827174
-1.3796855188682253 4.404805386458487
-7.198472477854969 5.61773717230155
-8.239516157290758 5.523759720866749
-0.9090248055881107 4.701724353540059
-2.294370241803236 6.903345517091752
-8.141859997032357 6.333402429179653
-7.476071270556656 4.497947385963698
-10.34141094777257 5.93642679782097
-9.513965276306052 5.621153812221479
-2.533375022456789 4.463412680151467
-0.965764465412026 2.369879905508427
-0.5693820459106855 4.518923445859619
-0.23620102098807072 2.8821420548099304
-1.424812386614624 4.917969981151369
-1.509718593117456 5.026291489509578
-7.199172046131828 5.431013310222164
-7.452864961717383 5.102513916188155
-8.651117079845504 5.761600882889965
-9.717351726376872 5.083448622098582
-0.8725889609847552 4.948517240043008
-2.9749764758251906 4.119223772450583
-8.70401235746547 6.593309554245499
-1.640322736494397 3.4285432189296228
0.2687152714504706 5.517733820927395
-6.636039820322731 5.606801444768825
-1.469035517585797 4.825168774008772
-8.070274339465321 5.471689006594325
-1.1932729761150798 6.479705627075504
-1.8319876425847594 3.5200042522197563
-8.58671111166962 4.672631303534999
0.42944885757101914 4.514415181018956
-0.9470598001952701 7.8850329041790665
-8.365185841026126 7.03661536553605
-9.287858644624555 6.08972043830691
-0.9672912207759161 4.178834675713509
-7.4561762068573625 6.198874360721843
-2.0903601919281165 3.3428329895055677
-7.904781070565646 3.656395764007173
-0.13893430175515564 6.5022260353369905
-7.997496512263604 6.710666330461375
-1.4558245305618214 5.488079317270162
-9.205017229395883 4.945716188601793
-7.716256277879317 5.033800436259461
-9.303883690591494 4.067977150922957
-9.963908000328674 5.881331704378751
-1.977798858177072 4.566878517480823
-1.795880037048562 4.9404716136975715
-9.063247890884098 6.226535443037697
-1.6120111008489646 4.673975668361177
-0.2904678160741542 4.5975724905774165
-8.583527626923734 6.059573002207973
-0.4026526081106281 5.495353113655976
-7.75318750318976 7.184489091611994
-7.696756202865684 6.747545489963625
-8.082288519018276 4.155254187801354
-1.127068212151396 4.091451058381072
-7.570050474966154 5.380349563505148
-6.976195096923273 5.315740608726912
-0.2288531188996905 5.105915138404584
-0.9269687220206457 6.35023832375451
-8.492840881315024 4.95823796888674
-1.6107757623918995 3.588232331805432
-7.920714384729929 5.694096303638376
-8.440190898194167 7.216945064318354
-2.6244470408327985 4.906897201605776
-6.8142729365537775 4.861701673222526
-9.738213352586541 8.193021257597845
-8.84514637512959 4.984852260845848
-9.337927316695335 4.983896681322036
-8.363127725332717 4.504650304059335
0.07186703004919592 4.784160285297282
0.24991813828589282 4.355046127023883
-2.86336495029755 3.2020293943397062
-8.816986249369435 6.1990068531772815
-3.915437137906928 2.934509422289686
-8.132953522739662 5.893077003234323
-2.040923129959978 5.152518734966064
-3.3034153022764494 6.13863433616722
-8.564815478553625 6.552491052524358
-1.7622166349871042 4.049997206056654
-2.8937493929146387 4.165086208226924
-1.3212654181707608 2.9017765178012236
-0.7853148545623105 4.6715918210214795
-0.597709991845488 6.352879988060819
-2.1291151473977417 2.8252612876530314
-9.021149392252388 5.415710219132545
-9.122232127494046 6.245941056110008
-1.8940959372330393 5.408463321068664
-0.9663030775385516 4.916703476312355
-0.8476438847841514 5.0355673749859715
-1.963704789789016 5.9627774329204675
1.697559122536874 5.606197011341817
-0.7907361252310889 3.2271144409131596
-1.7696610652866842 5.178165805300966
-1.6033343351939215 5.560074266811954
-8.855956273095595 6.180784442154196
-7.812679998120282 6.878021279145518
-0.5311325157063193 5.034042979099658
-7.55292028872172 4.406223114180062
-8.801968800669027 4.386956751509102
-2.002046344341824 3.095814812199786
-0.07709478401341197 4.19562830160842
-3.3483838069235805 3.3548274195975587
-2.687091334322428 4.709021259603173
-2.434722546225059 4.436586607461968
-0.06274374630069568 3.6096724072743744
-8.977076196741951 6.237489010706347
-9.55657129588272 4.131599373757225
-9.110459823949954 2.5980597019254175
-1.533763256722081 5.085802892053508
-6.110454451326329 6.236212955261392
-1.4496708361296364 4.535481936826293
-1.4062672127389237 4.0367939102944055
0.0775827925008512 5.019277770402675
-1.991238144142746 3.15910338227534
-1.5179896273360705 4.009581657791601
-8.96805002159996 6.988350094396963
-6.931351062251903 6.677921690256215
-2.0936830265442117 1.3430594311182795
-2.4127669677700165 3.506252148064253
-8.711488486035023 5.519815564772456
-1.5375637656665737 5.466000150733503
-8.857257335452369 4.708518983781543
-7.836721379708416 5.728998822064546
-1.882366326169191 7.034143197013635
-1.5033512449683037 2.454993609086471
-7.320380594409555 6.812235942955448
-9.099263186487615 5.426827583606571
-2.752103914551654 5.546349710627592
-0.07816390710253684 1.804959542002413
-1.5116348269809254 4.729692422189649
-0.31557740849895966 3.6430944041668947
-1.447332362857812 3.0604856369825555
-8.842194915187559 5.117677659123093
-8.606211410087703 5.288899504213412
-8.523506475280485 6.31693260498213
-8.544289337777307 6.991303161731613
-7.4231536378424305 6.465404780362331
0.327369552744059 4.085043737388083
-2.010074596793422 3.0637389130409467
-0.08064922106436367 3.1945524020528717
-9.159869081595057 5.2080597396657975
-0.8420483887738595 4.807448928862325
-1.1306820927122576 6.762822316500826
-1.086144722179195 3.706556495558564
-1.9061077857474418 3.2944278008702845
-0.41846611574675496 5.387660937075989
-9.908797678556411 6.099999967983334
-8.674553464796086 5.165731496542071
-10.239274880179183 5.975434202862509
-1.540269258618688 6.099821912902062
-8.633544691033794 5.7496368025728675
-7.185630653762463 5.010113038739986
-0.015367548004589615 5.453401211788115
-9.057720333742878 6.797316104805667
1.7755196189693008 7.048759490001899
-0.46899637927020876 6.060995388747613
-9.128626079600823 4.8117703216136825
-8.42506405840522 4.565840906460902
-9.085065031389325 5.5451214519509495
-1.0119395835353844 4.891968990151473
-0.9230774854489542 6.247643422274387
-1.9834299009547083 4.676128650928446
-0.7423412794795216 3.754918245024133
-8.793791557387301 4.277144588347558
-9.39357997693075 4.307002159892146
-8.844719989699707 5.76018714991098
-8.626113280416202 7.233126075024551
