2
-1.358724520192821 3.950166255470598
-8.716583291193404 4.145134432311503
-2.9972560388404563 4.84636191467904
-7.424437663177601 5.1819015262822745
-0.025533177066282553 5.449860541456791
-8.666689672870637 3.8203629918437843
-1.171469523313627 5.445086181713906
-7.836721379708416 5.728998822064546
-6.976195096923273 5.315740608726912
0.05638818757626396 3.8810407505565174
-9.216387737725423 6.670845976377788
-9.262757241146595 5.600441417708241
-10.42581231106598 5.971706628618981
-8.519220242381502 4.147697145655718
-1.417175910333849 4.907808299374643
-2.172094485421071 4.338027906526325
-0.7563558163675141 3.8960293050693044
-8.774027949321018 4.418393751344087
-1.8242069639718812 4.508472206346407
-6.9705156921039455 5.385642877784732
-7.905772325192874 4.8455386483808285
-1.4901317044197406 5.607282616712887
-8.451589473980295 5.169307251246301
-8.773545449848683 6.895261037528966
-8.082288519018276 4.155254187801354
-6.823134521334381 5.752711380258651
-6.707673334591522 5.268962092889228
-0.7323126226911986 3.74541887002316
-8.857257335452369 4.708518983781543
-8.86422069388242 4.752453207674485
-8.56860966296075 6.791461767146304
-2.915212214820218 5.484318492079714
-0.5489864325099303 3.729007915212462
-9.09075616161133 5.236093616382569
-8.879062067948542 3.3100607428305704
-0.14940861145891482 3.6619058750896634
-7.6331009703773205 5.418389443549943
-1.675459201729173 4.297120270062864
-8.204422582012969 5.07377122540144
-1.398765107913717 4.239499623928053
-1.4513098756931304 4.242050906862524
-0.6386872193722339 4.169475502643705
-9.121939505413216 7.3459530841509375
-7.968534838324104 5.3370194296106455
-7.4561762068573625 6.198874360721843
-8.37240022730924 5.8509535803576105
0.6282403010450157 2.9720299142622286
-1.593483683847096 5.257808130735821
-1.8002712259768943 4.043509154123694
-0.931701465451336 5.280071842406342
-2.271946434967325 4.49208152403801
-9.908797678556411 6.099999967983334
-1.2509217628021911 5.097671592922608
-8.549648078826774 6.3796776558527855
-1.364602906420929 2.5694422373364763
-10.124909801926695 6.133805201128384
-0.9583765532511053 3.720237820673298
-1.3394824446554572 3.067878886891447
-2.3027078791770004 3.657094975187085
0.05027725383559267 3.518113098531093
-8.365185841026126 7.03661536553605
-1.7572450906550483 4.753612489950955
-1.3227966372148974 5.423418764340889
-6.561815350188915 5.835677691439487
-1.652081692989491 5.495674887431591
-0.2707389075686234 5.030080728853769
-2.5564567067633606 5.134507241576536
-3.00058707126182 4.246353400173323
-9.004687964445495 4.476413456596713
-7.919253900628968 5.722256750089331
-10.538249015642032 4.9362165051354845
-0.49543740453366336 3.296386992338654
-8.38567928792246 4.261855294846598
-9.70735815624842 5.781276546417059
-7.819128508817746 6.492728149622826
-3.536998644783337 5.372709545584259
-8.199374288760893 4.071851312932453
-8.860974155807245 7.627448065563405
-0.9311349561592213 5.688622440587453
-6.9442545791277 6.267794038211954
-2.601675090161324 5.2004579420462145
-8.754942125334274 4.062273548589818
-0.6271840872986626 5.405315256849935
-0.7396709120073115 4.438794706677416
-8.474724598378787 3.8436515384568724
0.4477040364192 3.866792941675515
-0.1398765689373065 6.183683803487916
-8.842652680968703 3.6920059662718248
-9.099263186487615 5.426827583606571
-9.717351726376872 5.083448622098582
-7.04711305587202 5.755219828506476
-9.667426134779038 4.5483590337269195
-6.756104162860621 5.140249051916284
-0.0864994527124967 4.122099374144802
-8.994806547825169 5.808097901778893
-1.0535251295761694 6.209649852011648
-7.987499015279154 5.028903574283796
-8.058331598222846 4.674831188089075
-8.090712360763344 7.845970897609993
-9.184887408644396 6.094501267041369
-6.213887225894595 6.467415174056119
-0.9020655230544031 4.295479973602011
-2.7881030180308217 5.228028757173309
-8.747217018766635 4.774915760786099
-0.29296360222345685 4.616369419720416
-9.678054058120589 7.060351472015817
-1.6999735568335157 3.47328764790446
-0.7554776709248773 5.5815940422779065
-8.486076399127299 5.522712383315227
-1.928406386840733 5.052273859904779
-9.338324204106602 5.9727461945398685
-2.5731809982546094 5.355024363285295
-8.141859997032357 6.333402429179653
-3.1425642488043253 5.105716415598143
-1.2814876339417574 5.187860316798661
-8.45934526754458 3.8047271030019143
-2.048895618010977 4.661611255437743
0.6059790210159952 4.477729156585356
-10.182173415687911 3.7952771863225516
-9.551819106771562 3.765949878073717
-7.509633728129447 5.882012268637083
-1.7102332509866953 4.854690094513473
-1.1152554314467609 2.6154976851111176
0.012826401785695829 5.283224992182762
-0.2587222204019264 4.566323122175088
-8.761818079041637 5.898184197072193
-8.669861524828821 5.007606025939157
-1.735057355403225 5.108416722522878
-9.14747939989693 5.542508394752219
-8.606211410087703 5.288899504213412
-8.57344484441572 7.297913141548974
-2.3689521593473284 4.152438103396148
-1.747857871324156 4.778464409311783
-1.8195697551319228 2.3469540845861325
0.22855640173910463 4.531879922965504
-8.815951235947718 5.126449192668772
-1.244809842639747 5.862303686615327
-0.7600376120553479 3.3678039298937525
-1.4256716881363607 5.1665976663984
-7.417885913356318 6.164258333429698
-0.8352508654392471 5.640697006829343
-3.2844508794574736 6.533099107681672
-0.471155400751023 4.3802389378088
-7.925089092742526 6.275004834358179
-2.673359087820595 3.1256749917283573
-2.161139186288368 4.8811003877348025
0.043546363483758066 4.488664884118081
-1.4266968739904202 5.061688799220282
-8.441014048842272 6.005892127798801
-7.985208796628171 5.960565845753385
