2
-0.42847317204041124 5.423677259455326
-8.433063195471606 5.12194029519159
-0.46899637927020876 6.060995388747613
-1.0942200742640593 4.800549039582165
-7.876991306674706 3.7976867183755454
-1.467790211620426 6.373429963705948
-7.51275774890735 6.159153017037238
-7.985208796628171 5.960565845753385
-1.2575924546833086 5.459739777687072
0.21474625201877218 4.187990227116843
-1.5179896273360705 4.009581657791601
-9.603739880946993 6.213824754102642
-1.8679802003917336 5.857364741102304
-7.7131742420897496 5.509311225992269
-2.8941378939341673 4.595456148363112
-9.085065031389325 5.5451214519509495
0.02260775705652751 3.8598168019264767
-1.8266256003342969 5.096162070299615
-10.115267182759474 6.769376838136366
-8.250226028116106 6.482653475891505
-3.0261670529375344 5.568639629022892
1.1974844791788373 4.733593719435566
-1.285436203620933 4.849878453805168
-7.8512048681478745 5.446977413688096
-8.523506475280485 6.31693260498213
-1.2821723337596729 6.546129548770834
-0.47673926956309876 4.208601302850793
-8.247851514976965 4.32746167336005
-6.6519905896149885 4.053789698335477
-2.596582988322333 3.9252515376713957
-0.7344864392352914 3.241271818858398
-1.9554350403386578 2.725077880626393
0.6385325118296923 4.336055841869838
-0.796839163693788 5.310167484527245
-1.6114086251003077 3.865379249948554
-9.365794320553336 5.935754535723244
-8.253958424874112 6.021041278334942
-9.388952623731631 3.23533314627169
-1.7298514596456733 4.753866321670295
-9.462221793291038 6.364303051807166
-8.782438451158233 4.651028147618925
-8.204422582012969 5.07377122540144
-8.316976484090956 5.776625504872967
-0.2166623193706294 3.79336718899487
-7.113691135743231 6.5667392008944265
-8.852652603700758 4.926524783656491
-0.9672912207759161 4.178834675713509
-2.0472687889592294 4.230018712445262
-2.25768919316352 4.506097538612326
-8.56370038702085 5.997213636407891
-9.790094856605473 3.5837283451969597
-1.2738604123287272 5.698456574593794
-6.350360603736689 5.758613792860926
-1.3554936135044386 3.783119213893948
-1.16162860504782 4.171686031600509
-9.216387737725423 6.670845976377788
-8.096012072198912 4.207464087028814
-0.881527222225438 4.75684447642042
-0.1244595561752384 3.9588595728144362
-1.4354135162858983 5.221355524536137
-2.294370241803236 6.903345517091752
-8.659194751672576 6.0368805875581115
0.7893461471575489 5.028788476381008
-7.928229592453988 5.7166749624870405
-1.6347645394732297 4.819121372439703
-6.291874645322162 4.7682486878520045
-7.4231536378424305 6.465404780362331
-9.159869081595057 5.2080597396657975
-10.825760166257648 6.281012533052956
-1.2288276074676652 5.123916680690788
-9.667426134779038 4.5483590337269195
0.6852697247952091 3.695018960145135
-0.41919413846908504 4.94557128299008
-1.5375637656665737 5.466000150733503
-9.552063908613949 5.347071453410581
-0.5127906461031102 3.7396074796688774
-8.179020508675313 4.86212655399805
-8.409456618258819 4.767613835402209
-8.900678303233896 6.3839278263404005
-7.267552018405009 6.57893282964026
-2.211845038223041 4.993863010937304
-2.8460292730123617 4.253272362473368
-9.39357997693075 4.307002159892146
-9.04556873601686 5.305565765436321
-8.077269706777974 6.769769295012812
-8.228435367849965 5.948225958470351
-7.919253900628968 5.722256750089331
-0.7083013425343445 3.465212617728981
-2.570552266024924 4.182931214489194
-2.1683099238007992 4.677566929846626
-1.9883331844665426 3.9317281180567427
-7.925089092742526 6.275004834358179
-2.8942462475062563 3.2120730211656765
-8.469101112967005 5.2532407595524
-1.447332362857812 3.0604856369825555
-1.8942703288272322 5.044924107940075
-9.422401828703974 5.645943447709323
-10.115691165885455 6.352009423874351
-2.7559262801928215 6.140824455074255
-7.917088053459613 5.389826386534839
-2.6854083020799546 2.4442994406878737
-8.515679040728152 6.093016521221878
-0.6513652940499539 3.154235503349433
-0.7461136297469331 2.9346953613737305
-8.768526108807011 7.0023753576773755
0.8053263899744914 3.831722573927422
-0.3074410395600896 5.0412917709139355
-8.246634535917343 6.723330427075304
-6.613778540293711 4.101102202445698
-10.472831722129644 4.043656557778259
-0.3438730255186887 4.115907044987339
-2.1122009974912417 4.888368268174201
-0.723677785143199 5.4518143830199115
-7.847205014690385 6.603724224929526
-0.9812174994340068 4.559210008040006
-8.713691130237716 5.6138450951788395
-1.8271509986612005 3.249144754502143
-1.977798858177072 4.566878517480823
-0.4348800029880322 5.079520437933836
-1.153187211817147 2.834032499138402
-9.43830337225821 4.17161037964169
-0.25404740908476175 4.491008272691603
-0.8380156230452748 5.536488185827753
-6.707673334591522 5.268962092889228
-0.9652402663377955 4.956446899022791
-1.8576389585503528 5.385638711296973
-2.422231520634655 4.521517993632744
-1.641931133453863 4.837687902730669
-8.150526864128018 4.779853295236593
-2.246008976059397 3.9380278254728336
-7.185630653762463 5.010113038739986
-1.0352938306048598 4.473866662114798
-8.947732524346772 4.273208237054076
-6.213887225894595 6.467415174056119
-0.9860210724689141 4.531745436656509
-9.608156250421212 4.544531699688193
-8.143571239792742 4.869360980700177
-7.976782503246701 5.974868776596059
-9.378994299953334 5.920690249128551
-1.3073751095158852 4.978246768063774
-0.07816390710253684 1.804959542002413
-7.509633728129447 5.882012268637083
-2.3170594557476174 3.8380251510234684
-2.237305746191437 2.202863124521601
-7.703871089230296 7.482049946310699
-7.364323837755759 5.9040508458495715
-0.9566499705034686 4.029544457882095
-9.122232127494046 6.245941056110008
-8.693523603499969 2.3428606079469336
-0.8420562910940352 4.428032341282578
-2.6366093325694315 3.5697237029640823
-9.204834082250214 4.798160398353712
-7.89358454254155 4.7339720965547025
-8.311908925029206 5.683357325273426
-9.439324750273325 5.613399180415964
-1.5290456242982466 5.952402408318755
-1.6120111008489646 4.673975668361177
-0.3713959693162454 5.086518623743871
-8.432044413347612 6.063426437344234
-1.1567777538897717 4.699840999798625
-7.6840901766500735 4.113223022790656
-1.3042052991021904 4.66438793044476
-0.22772206602187062 5.3649912098098325
-8.397000413571966 4.512492388423004
-0.5477673220427666 4.317243296801333
-7.791005273848657 4.858080203395931
-7.069553574183413 5.155232242591596
-1.5116348269809254 4.729692422189649
-1.1271119929655369 5.578819786296012
-8.168696916751593 5.194480396262184
-2.290840186628575 2.346721985366593
-0.015367548004589615 5.453401211788115
-8.496743025192922 5.903998240193575
-7.748852239316391 6.674138305108747
-9.452403467377117 5.379330496403562
0.021372051551556526 4.346835866872898
-7.73745624587239 4.425459280522123
-0.1341101075977491 3.9360295382819617
-0.7907361252310889 3.2271144409131596
-9.010315519910899 6.300896875863069
-1.5324713986971283 3.999277491379872
-1.151649984646973 4.163143758171782
-8.855956273095595 6.180784442154196
-1.1983272244762873 3.2089177384746104
-8.794112391144742 5.326718634469186
-1.5815849463316454 4.350480619452905
-8.69954055360871 6.557546664375405
0.46527641903113803 4.7884989084089975
-9.70735815624842 5.781276546417059
-10.242605912600546 5.375425688356792
-0.50059188815297 5.9451077152397165
-7.249177099421048 7.762647908147053
-1.4247246164122023 5.865670601513522
-8.64828605407765 5.165866198477874
-8.24197701535107 6.52451873270607
-8.564815478553625 6.552491052524358
-8.162823422886936 5.671519438615228
-8.200395394589831 4.849310108856767
-1.896741934270409 6.617584879870426
-1.2894731634351502 4.574428840443804
-2.2019128074595846 4.890039082921515
-1.359439068923185 5.242974390103709
-8.365185841026126 7.03661536553605
-7.992994416601977 5.842106131801009
-2.7667049945525983 4.145437118745559
-0.8604800823268285 4.056621348300302
-6.945649596130923 5.17587931504124
-7.767280734997145 4.991694064583441
-1.270288910280966 4.710558126008762
-0.43574771179037064 3.747824104787794
-8.145567531814745 4.847890481623903
-9.235858880072163 5.902683014731169
-7.812862270036503 4.846351629220525
-2.4638993310472936 4.058600169811803
-8.723741814957911 5.5000417641586585
-8.57304344281366 5.4627313062471075
-0.9241377305858208 4.226841995531496
-8.98374699491568 7.16624165789732
-7.335277598189017 5.435127450617469
-8.929357733537284 4.269933266541883
-9.589001870641882 5.24454467089093
-0.33859739445690595 4.347220218678119
-1.361097344293234 4.27355165192638
-8.492940604140918 6.226743881106077
-1.3877913633960948 4.576179621659872
-7.697759981974517 6.281944344796883
-9.500041878641007 4.715148460917178
-9.09075616161133 5.236093616382569
-0.5319072757504414 5.731693605579069
-0.597709991845488 6.352879988060819
-3.1430698893316125 6.019625074859763
-9.004235476325832 5.179069494240123
-1.0829510237941036 2.9741918465214447
-8.735006845999203 4.522388905433181
-1.243872219454373 3.169178701829935
-1.4887359226444272 4.258824628127153
-2.9585805147689914 3.007181665011542
-7.8302220977992105 6.282690821276851
-9.84369393150005 6.329530230229683
-1.5939851152035736 3.100088803770028
-7.406121534769105 6.660986015965819
-0.23356686286044448 5.582073798294337
-10.157231056158945 6.613390780263183
-8.989794467279577 5.660579276606598
-7.132362828262744 4.965811719688249
-8.173720306790063 6.409144130589811
-9.451633191726316 5.632389214044438
-8.784633171297868 4.24543169018561
0.05119155545977483 4.019823042564654
-1.5638383280202368 3.7444251334768204
-9.303883690591494 4.067977150922957
-1.9225828819572666 3.2582464131841498
-2.8070956425433558 4.446862226799709
-7.836721379708416 5.728998822064546
-1.509718593117456 5.026291489509578
-8.357274272785487 3.7445699732945865
-2.86336495029755 3.2020293943397062
-1.3891229079724174 4.4741384796051635
-1.396103674320245 4.080380987125613
-0.6561916106715333 6.02293361072575
-8.097674014118057 5.10172893162878
-8.684778063833214 3.8416667255117405
-8.333268755309257 5.429333786812574
-1.2859628207811615 4.518832699964584
-7.4605126911217425 5.047846986328298
-0.018288164534157714 3.8831069243505927
-9.088892756723073 6.363071949846761
-7.599589738289577 4.355643802745691
-2.1837351296417946 4.326798369631449
-9.15993180324299 5.55880434604584
-7.367431873521827 6.3350654326315565
-9.063247890884098 6.226535443037697
0.04059083641694761 3.594562601736288
-0.7278299133613916 2.854694862632562
-1.7019065060692116 5.420533150118041
-8.79724583616486 5.752720831229858
-0.9993910702321567 5.80513384449354
-7.381895410276033 7.3127560916713845
-6.718630181140433 7.292874544792543
-0.31393203641530887 4.330292923247278
-1.0357516251542558 5.656836336068925
-8.130367546921665 4.0572058691880555
-9.13386396447704 5.070422007958172
-2.327820780900413 5.428815852077417
-1.0218570926272144 4.01494635978749
-7.15219656421809 5.293423100119065
-1.7318499903188682 1.2633350608111735
-7.859310774274451 5.774284429324056
-5.612767021798097 4.988285798708914
-2.620232733967028 4.246830568092283
-2.9749764758251906 4.119223772450583
-1.8954168895799253 4.050341353242986
-0.2288531188996905 5.105915138404584
-2.4689378113227853 4.4237572756487875
-1.7374241638675794 3.967423490767276
-9.724246170231066 4.612530031385337
-2.53197701184155 4.490803257889228
-2.0765578743487656 3.925581519711715
-8.582687894366854 6.122887677461535
-6.015018319919013 6.623759844795581
-6.691204952879801 4.533992535218373
-1.4198018266517933 4.088911174769642
-1.9943194152106782 5.257202737849855
-9.350156641033657 3.8190671306131367
-9.888192652004106 4.754179298873188
-9.205723631127743 7.091849721103936
-1.882366326169191 7.034143197013635
-7.440720033615152 6.1519738630843435
-1.4455863218324503 3.8035493510835976
-0.3997732719265149 5.008944954439578
-0.8001320777072238 6.071455700628315
-3.248623677754825 5.136411561764884
-7.001035243187129 7.15944676218235
-8.495358681938837 6.903210674092471
-10.801718008750093 5.912034901849762
-10.328517082311494 7.668463412791481
-7.843896313361454 6.552771130167322
-1.7895173730704292 5.61640919497413
-8.132953522739662 5.893077003234323
-1.004594856304468 5.941476900019326
1.1319772840381264 6.742548541389325
-8.697872518323813 6.124130061916199
0.7487495752742783 4.823382157600998
-7.985551956404876 2.8368583767319024
-7.819128508817746 6.492728149622826
-1.0395399130001666 3.8567157096337166
-7.394496811687581 4.86832776869308
-1.6571123435624802 4.421913905604321
-0.62384849319378 3.8163971403539896
-8.11740558305763 5.583086701116857
-7.06883000536208 7.184148732477684
1.225025845582632 4.77400855146987
-8.667690529475086 6.295669954581869
-9.678054058120589 7.060351472015817
-9.042554107109892 5.457525041918287
-7.700914552128303 4.83417358180658
-8.699803269180897 7.0986946389685
-2.392420831030257 3.890059272750327
-2.1779468220916156 4.72040305111878
-8.548209179708335 6.326155002354897
-1.469035517585797 4.825168774008772
-7.987499015279154 5.028903574283796
-7.439726944528919 5.377613182206345
-8.029287676067188 5.417327467392599
-7.333360632024256 5.7955834371024375
-9.576591938257419 5.811788636005653
-9.49765202793447 6.680682615239263
-1.8536108289912063 3.6458024907557007
-0.9931249262562454 4.124072171797892
-2.4127669677700165 3.506252148064253
0.2957458717879986 5.205994131056041
-0.3964128932288501 4.066334521982642
-0.8476438847841514 5.0355673749859715
-0.7451541177253904 4.5017501442036885
0.42944885757101914 4.514415181018956
-1.7653643931399543 5.208389185249519
-8.543774636258428 4.729575853618426
-3.1104900744378883 5.1820806926922245
-8.811570586344343 5.315427500690309
-7.881604250989626 6.73462874690729
-1.6707811148120582 5.637413491810107
-9.12787335710101 4.401753058731496
-1.556782134438172 3.7639390070632284
-1.6338649800860878 4.902514449263698
-6.9442545791277 6.267794038211954
-2.283563399778408 5.31492239160545
-1.1342338922924722 3.698713031310529
-9.060104538295882 5.631404585298832
-2.004017003441559 3.3244981641355906
-7.974331464029925 4.874491158206629
-9.25136556912256 5.532919457919451
0.18676181659102897 4.281048425908554
-9.624020366434912 5.969474232994137
-9.128626079600823 4.8117703216136825
-2.686625263207948 4.314550833378438
-8.844949063723242 6.3629164320116764
-1.9938902256501039 4.99119276882516
-2.217405072957736 4.368478586717487
-7.480291322574748 6.910637608301887
-0.32540942315812493 2.973132145165086
-8.168511444589987 4.538380342750079
-8.657954037867253 6.526507122173001
-3.6797347407993204 4.091172797127285
-1.7481100344274974 3.482432920744145
-8.96805002159996 6.988350094396963
-0.4818195678545487 4.550357915841844
-1.0335414647323256 5.2549251046583425
-0.9006704572425395 4.262051171602888
-8.338126749541765 6.4565757188892565
-8.312508751798026 5.672328571148385
-1.2061542167970378 3.6056645136478482
-0.7114637376014797 4.747155781434821
-0.5490418472866488 4.675381646387087
0.9546027506602348 4.387913640458169
-9.942242634616422 5.585252101408002
-8.669861524828821 5.007606025939157
-6.9705156921039455 5.385642877784732
-1.0456995012556423 3.968285810215964
-7.541084519402465 5.45010882086108
-5.466499222369426 8.177831778185368
-8.23361092082275 5.363157445158512
-7.347047249579243 7.02064263722094
-2.5739364990831968 3.802432047599607
-7.75810590930472 6.253005128247347
-3.483836062967543 5.714000876949459
-8.862688444245597 4.824627998003978
-1.158467500693132 5.720760196361342
-9.915377929159321 4.254747279911826
-7.7576146388749905 6.3117042358148785
-7.698505202010362 5.357421628696658
-1.7588281882475134 2.0688440799710603
-0.06274374630069568 3.6096724072743744
-8.328672881242596 4.885848097531324
-8.688036789799543 6.210537008785289
-1.8053054053108124 3.8108307862658903
-2.0344199919268977 4.776168212255487
-1.283116755985046 2.6122012850097334
-7.452864961717383 5.102513916188155
-1.8162756587865811 4.949607431034394
0.07303315212477535 4.7286998240127325
0.08020847531585384 4.826108460845896
-8.711488486035023 5.519815564772456
-9.23606298958387 6.289732345085314
-2.40206952762817 5.26491604522663
-9.620605009509097 6.61539873005713
-0.4787365040332213 3.665528012465943
-0.010743329604395946 6.119625622168792
-3.438668911730708 4.841369765764515
-0.435628849786451 4.614327762562681
-1.7788773201748822 3.5195890446314326
-9.351085489571107 6.256930082776176
-1.5033512449683037 2.454993609086471
-2.2789860436730955 4.58538342686323
-7.338516790446503 5.68522711312009
-0.3234530828488742 4.735726818957182
-8.20769231275511 5.837641711522785
-8.481031420918008 5.257532764629563
-10.354124852819963 5.7262679452058896
-9.094288712417246 5.539975549794837
-8.37715962935656 4.762203474754428
-0.40854550703653714 5.617091939117929
-2.0443814284327932 5.163822054049142
-1.5611921963586537 2.834166588310935
-1.7526875726269977 4.2897486256774915
-8.465919208172277 4.550732151276479
-8.35183558928706 7.377402076026729
-8.700532151788982 5.829801923336785
-10.239274880179183 5.975434202862509
-7.218473652572287 4.552302912056325
-8.692271955185506 5.790831496509215
-2.022790327578385 2.5399315270411966
-1.655076081261643 6.267689715707021
-0.2517908737545428 4.308151962295931
-1.853556347881914 3.8116164073964343
-1.7624584893884885 4.54102162103409
-0.6573312086950244 4.524922727854804
-8.651117079845504 5.761600882889965
-0.1624720919741931 4.531997696394908
-2.6350477273034665 4.491760488800376
-9.06010291060769 5.781056981382425
-8.239516157290758 5.523759720866749
-7.380953143093882 7.6312983235204594
-2.040923129959978 5.152518734966064
-9.477812204579555 7.077048520584921
-8.04823332645411 4.5024933131003095
-10.081047044333811 6.57126863279543
-0.6156930005754417 3.648331151462407
-2.2063839508967638 3.987284031610267
-8.413136177777682 6.852125119980805
-10.21328156297249 4.2482359783538755
-8.999263931993776 5.882684778134424
-1.9487433919991446 4.736991403348804
-3.288596070600377 5.561047005206259
0.6501646944836199 6.12150453012462
-2.273319474216959 4.738262361298471
-10.030121859369547 6.357101045356778
-9.25209343813215 4.192811201224416
-9.589634417610469 6.181342707530097
-8.125917040999216 5.0092906152814525
-7.716256277879317 5.033800436259461
-8.732150545758467 6.736354904896356
-8.775782098060807 6.214875180236977
-1.5025586254288783 2.431854514070449
-9.400018578642092 7.213779477488713
-0.30118920570199204 3.885196088015755
-9.401450226009365 7.78589327074248
-10.388374456508467 5.706645055648085
0.16375348708118453 3.4262591090925723
-2.110288839502247 4.484336083014918
-7.160575263511524 5.7750651933387545
-7.320380594409555 6.812235942955448
-7.835581752846359 5.820057683376765
-8.644592668774736 5.944610785574141
-2.0867224748779476 4.024744425841622
-7.078274237597691 3.5904947506327023
-3.0720206211753354 5.165570827138535
-3.5369093013318214 6.372321062802321
-7.112181632671255 7.294826372806818
-8.216044250183174 6.885915717220818
1.2359054871093882 3.747831274192382
0.28064835570634483 5.676680226488893
-0.5654520745990542 3.0423735632943063
-8.049874101214785 5.758500013850942
-8.989876712662882 5.907536697495252
-7.198472477854969 5.61773717230155
-2.983866858458507 5.046484357905534
-8.600250111603584 6.6141068012957795
-2.1089685523013304 5.277800451533164
-0.529624717763784 4.676944711322899
-1.0789552643782512 4.27823083483765
-2.1260023316557533 5.439575969860018
-8.160185644343736 5.199682563197799
-0.3252021642704076 2.654470321209133
-8.601685086264855 5.453664268973996
-9.184887408644396 6.094501267041369
-1.347375662963274 6.10276631713297
-1.871759004733304 4.229723235408502
-7.905772325192874 4.8455386483808285
-8.600743361531547 5.079238543654067
-1.7835848897885123 3.311309957481252
-1.075930010386693 5.936131552772242
-2.0769487768820714 6.3539685281747875
-2.1818138821334583 4.902222872088775
-7.743898292695505 5.653991529065516
-0.13661221544725555 4.6594113451555375
-1.6852269582510178 3.6368401498181813
-9.949446869841852 6.379861068535203
-9.610971000686055 5.281510391579617
-8.754942125334274 4.062273548589818
-7.27698823372938 6.761596199315923
-7.869202928637389 6.534387545033404
-1.5187911042026792 5.297761656966407
0.4138892413768376 3.872022812291565
-7.547532414577891 5.549373550963712
-0.816306251610573 4.906876215963186
-9.102355914622139 4.920936606924092
0.6702656081626168 4.788472951072061
-9.235326500752906 6.370626956759963
-7.994048865009696 4.792224891266024
-1.1268568567689365 1.7874298973570553
-7.764126503706569 5.999385749775341
-0.23857995807496757 4.103991127684418
-0.7380987684937811 5.685808579634514
-9.116864979891664 5.1554691181364944
-8.626113280416202 7.233126075024551
-2.316573290612288 3.4957032505119394
-1.5904242768911774 4.5612183799530985
-8.952252092325422 5.983762382696942
-1.7398104445077114 3.723479529018299
-1.6359725095593687 5.859657423999745
-9.401649922653728 5.27697423937798
-1.5247541895322358 5.20330991942773
-2.245815740155426 4.834340888794737
-2.979418211054185 4.5096038415086594
-0.8701255002363846 2.9112921784727144
-10.031536848348303 7.07528281126983
-8.084067230112586 5.936521217045794
-0.8725889609847552 4.948517240043008
-8.720749869307232 6.544460550026134
-8.68775540795879 3.420796373754508
-1.5044872702260275 4.817917452025538
-9.08879441614938 4.73340094717058
-0.7722025447778418 4.7066731941342
-8.716583291193404 4.145134432311503
-9.839859395155047 7.735518163318785
-1.5185032811331443 4.121002502848927
-8.208321918877278 6.045775764495824
-2.310161501002148 3.8701784968003667
-8.614826288723675 4.269766208042888
-8.42506405840522 4.565840906460902
-1.9170661345466702 3.6019471015279083
-7.719173979712991 3.462582932877625
-2.541898942358838 3.8495318888664256
-5.8352954105203585 7.580561175286842
-8.058331598222846 4.674831188089075
-8.418787478499082 5.400749964730536
-7.037114590193015 5.5363018493904885
-8.519220242381502 4.147697145655718
-1.919709738183379 4.471552338545945
-1.8319876425847594 3.5200042522197563
-1.0996929812555019 5.939393618167051
-8.413488364652354 6.574158469897375
-9.14523389913584 5.252455476418811
-8.860974155807245 7.627448065563405
-8.474724598378787 3.8436515384568724
-8.166076042865399 7.048960200999754
-7.904781070565646 3.656395764007173
-9.665906622413825 6.884245297099103
-1.536711337191595 4.674770793760837
-1.508606553383053 5.730878139213045
-8.199374288760893 4.071851312932453
-1.911491724100009 5.18218236963724
-7.812679998120282 6.878021279145518
-7.635912379359521 4.423657818428881
-8.38567928792246 4.261855294846598
-6.5695278381788835 5.318268780321037
-1.073688893918747 4.858846413546461
-8.84514637512959 4.984852260845848
-8.807816515302845 4.117971882131128
-8.375301663840094 7.233528333752026
-7.476071270556656 4.497947385963698
-7.69520000294203 5.747803541100951
-2.425839714922521 4.819177738798449
-1.2115395872880923 4.07910906202908
-6.397802093886235 5.37878299994392
-9.199304230107826 4.036379999517298
-0.3085337228123629 2.5525659263813028
-8.16088862749774 6.692633723673293
-7.617615504426706 5.59776266619904
-8.23512558350334 5.649707065072672
-9.708199132844651 5.282947873512292
-2.018043317219697 4.571456460882785
-7.87494643016144 4.5509755352681305
-2.434722546225059 4.436586607461968
-8.801968800669027 4.386956751509102
-0.745299996675632 3.9767286269923683
-8.37240022730924 5.8509535803576105
-1.0278811106613306 5.763014401275437
-8.674553464796086 5.165731496542071
-8.773545449848683 6.895261037528966
-9.290914459349704 5.790683543621212
-3.226637411318597 3.557088412119806
-0.08865846653942722 5.307494601584837
-2.1884305843101233 6.155524645897788
-0.2958359849276526 4.438829815063664
-9.160973967151602 6.461345911666223
-1.2927908749111858 3.7148032748873083
-9.414113326759798 5.467100194709794
-6.168125259858639 4.929280767212155
-2.333313179138238 6.200182695975012
-1.5207788916916711 3.3146139569593167
-10.079831336761897 4.6219986927186
-1.654994368619585 4.564991317127049
-0.8910639355721466 2.3470077667080216
-9.262757241146595 5.600441417708241
-9.730684818298137 5.72126562726329
-8.325914519677621 6.155279583291169
-1.7414600405149634 5.367730002862876
-0.2957970929417003 3.8470668765882685
-9.544726720515726 4.786167263370554
-7.470279141341311 6.156531847758108
-2.3348369593350378 3.804309519948581
-10.214453873748944 6.093256817239856
-0.1381133729757522 4.975489613408038
-9.156206563151432 5.220956808026198
-8.879062067948542 3.3100607428305704
-1.186430681368843 4.793399709722331
-0.6327235405284 6.139442456651415
-7.9959085168616495 5.2847413061677475
-3.23753212747665 5.193756016327985
-9.16680361561256 4.106848691404316
-8.859326213162904 5.543227777489023
-9.196282454261418 4.300398762536091
0.10681262503441813 4.244423033312381
-7.8776936592725715 5.544185658779748
-3.329780147689956 4.430985992331985
-8.451589473980295 5.169307251246301
-1.4320731974656615 4.133680417975439
-0.20607065717594875 3.807466784586504
-3.099897032198091 3.3448567678403136
0.24991813828589282 4.355046127023883
-2.259250014241923 5.133059976922122
-2.34592738719275 5.37302059227328
-6.5509433159562676 5.710420287664447
-1.3577597649562914 4.67624846430318
-8.394694277249474 6.894951906193502
-7.713569828514557 6.389732590969349
-8.09772030499539 5.410397477812427
-4.2822726632982455 4.770041103695614
-9.19908116325032 5.0261846121297244
-2.3075755784987715 4.665145849996696
-6.8142729365537775 4.861701673222526
-0.7593409159525868 5.832349927744643
-7.8616910957723265 5.990660435985131
-8.063333603702592 5.437331044813846
-7.391427452797641 4.790978163273133
-9.2093820546234 5.057115272458091
-1.434656909099241 3.8268001280371693
-8.02924826428788 5.794045609571859
-1.0696676011095625 4.598274393094267
-8.486828683978473 6.991375974798796
-8.878639290773457 5.620809028326515
-9.382460078994242 4.4391887747383985
-8.551132118570367 4.34213731315287
-0.9048259207877258 3.8247628748271727
-0.7145342005705119 3.5023581397717956
-9.427685910984419 4.4343025282053
-10.42581231106598 5.971706628618981
-0.5987040596805407 5.197750894311047
-2.7253569261713 4.706724284460176
-0.42363405144461874 2.6265703016019564
-8.393209386445893 5.118322839843437
-1.1790186371965456 5.618840702581209
-7.660238663726937 5.467729797478609
-0.8702995035994571 5.572689488401379
-9.112898681066525 5.796527568050365
-8.835502525185822 6.38688041891929
-9.202967901107538 5.704985057421809
-1.04529211402819 5.4487216030849455
-7.873136750104092 3.9078150158710168
0.4884735607254789 4.611563475279155
-1.1445091738746855 2.8075754408922444
-8.206004733675035 3.951285500301706
-8.642092476467226 6.400913439352933
-0.7384079795940265 4.449928713642459
-0.4026526081106281 5.495353113655976
-1.0833910252564642 4.214370464344012
-4.491990856937498 2.9431566304850385
-8.293873312876563 5.942308005387686
-1.667051540599701 3.1286083599135277
-6.931351062251903 6.677921690256215
-7.841865248961004 5.276326128915425
-1.0063218187250385 3.8614742961931463
-8.14408436439313 5.42455226178548
-9.723547782721273 4.100787526375015
-8.532591530116388 4.384922729818872
-1.5152302137891995 4.92931773739598
-1.2795330391999156 4.82300419514624
-10.026325466896346 4.418750009586184
-2.0936830265442117 1.3430594311182795
-7.854447105790185 6.490635250212997
-9.901008972818017 6.322249080001758
-7.136514184583351 4.894298668545511
0.12721833779430813 4.7639138836652215
-9.63311617720375 3.7639061050038807
1.2493327890957056 3.9108907751301016
-10.182173415687911 3.7952771863225516
-1.8987135257627012 5.263804867182263
-10.503463926758222 3.4216336461509957
0.06123346988434575 3.378072404989122
-1.0100629150726024 5.36270355839274
-7.328518294051223 5.251171662328271
-2.289367695334768 3.620275999984976
-9.335446721987994 5.903357493759963
0.8818673785092175 4.697386701723186
0.0692582001494626 4.513379818199547
-2.1822735151759374 4.942389935563957
0.4876123556583485 6.290944723205396
-3.836449733703586 3.017176467669149
-7.570050474966154 5.380349563505148
-8.133043488867012 6.084124111142928
-9.225553657145252 5.984176657504938
0.07295969499832688 3.749387919980803
-9.06158859647065 3.4760263727696015
-10.5264697207962 7.6621713958651405
-7.287801916334526 4.336707425443414
0.1566431042901053 3.3202496121823994
-7.981689753346038 5.567866994860885
-0.7423412794795216 3.754918245024133
-7.71335144048059 4.38726825304397
-0.28631245585553167 6.492448034528184
-8.045110164113606 6.3904961655783445
-1.2487054475082469 5.065375186280406
-1.0550763649660897 4.1180980662719415
-7.347760703347084 5.768866659652859
-2.3448757023212203 4.147841697895946
-2.7726533595235536 5.740026470682816
-9.417151395367698 6.221058335068796
-3.087854567906091 5.780430652626181
-0.48833084319566344 3.7027914612816777
-8.9174780430679 5.426192558246333
-8.61596971037995 5.155127252747933
-1.387742508520967 2.3113895211637785
-9.225448742293434 5.805200939111915
0.242333458448869 4.7556554955450805
-4.139627562160239 3.8587771087471023
-2.6793277653659047 3.9012974433177305
-0.416504646561778 4.228342077601425
-0.29864178420067644 5.959389794217326
-1.8275862713114774 4.004159859222998
-9.066623835317104 4.731656080146648
-0.7154613060726971 2.8280337957577686
-0.32504970013312096 5.351569052865367
-0.6799786453811378 3.420653395165957
-10.51901674221217 6.205460389389211
-8.450386657718292 4.458436529493646
-8.533835655539537 6.386061186415365
-1.3764836820415989 6.103270349330505
-0.5535524713413991 4.12519822557567
-1.8799357177559761 3.5199435883622323
-7.413708663100982 2.8035910830477113
-9.201254565989737 5.461480865999717
-0.5421128605826231 5.680053287722414
-6.823134521334381 5.752711380258651
-0.48961251703854913 3.783957246420593
-8.994806547825169 5.808097901778893
-9.371133988736469 3.9543335758365004
0.045357359255116414 4.003679081383738
-1.7504234872717848 6.33437985418335
-0.7899697222249746 4.955726207969196
-9.14747939989693 5.542508394752219
-1.4765147006712371 4.645769004713232
-1.663091799335942 5.395180656812441
-2.0903601919281165 3.3428329895055677
-2.1113017679207484 3.339551320883622
-9.0529013243878 6.7865817778008175
-7.123929729601412 3.9856109304598224
-0.6546456151835716 4.972545249633582
-1.6467942402938927 3.829224456571561
-2.002046344341824 3.095814812199786
-2.6013375973158555 3.7521061496179278
-0.7554807963361121 1.7698045813845686
-8.602521156688098 5.674571727232111
-2.2453519153500276 5.472001155088443
-8.583527626923734 6.059573002207973
-6.983406217932 6.598468073219095
-1.2794477701466853 4.228768285791304
-0.5444823966007026 5.019363334950442
-9.31701182497643 5.163993642002449
-8.816986249369435 6.1990068531772815
-8.85224561161216 6.464548533346793
0.2504553979129276 4.095273529998726
-7.12754493606127 5.908064962336812
-8.942009787288685 5.937280792537416
-8.549648078826774 6.3796776558527855
-10.06208266891125 5.8563486798451505
-8.082288519018276 4.155254187801354
-2.4786054832248947 3.9760324745346822
-7.267613357865482 6.229056406619374
-1.2621696323888731 3.7641151055266597
-8.864793290249901 5.258535429103771
-10.77308309043006 5.672207702377235
-9.137751983795157 5.637036196994316
-1.0632321365330817 2.578192405683596
-8.615879784018626 7.338628351012327
-9.935013259139115 6.768837370146462
-1.7385884325409486 4.819163882955853
-8.328145877304152 5.95388566030034
-1.7696610652866842 5.178165805300966
-8.744525012732844 5.060567043041939
-8.677361012571124 3.3069558657074873
-7.688977613218951 6.036689152150426
0.4982602636853115 3.5101856158899727
-2.203037831423225 5.385434841212912
0.2709083323101886 3.667303410951223
-2.497356592460382 4.184216059908225
-1.6266181099923243 3.2680426002484255
-8.815951235947718 5.126449192668772
-7.997496512263604 6.710666330461375
-9.20140893469438 5.825183293653287
-0.011855218616430907 3.6484498936943717
-0.8494654533724091 5.057187868788499
-10.327829077832597 6.729767740757638
-2.634556097721954 4.0604807338380295
-0.424193835374025 4.599531770587595
0.343159536020778 5.370289074323764
-7.04711305587202 5.755219828506476
-8.603222512693161 6.164986492996989
-1.4055372535448136 3.620915293858851
-9.49543604076935 5.789558024099115
-8.522959666387507 6.227514030592433
-1.2462964402380579 2.78159323506456
-2.6191585177237746 2.612401287539922
-7.946042574547222 3.514589784136272
-1.2518394933308046 4.446346504081768
-1.4257070817519808 3.403010173753066
-9.004687964445495 4.476413456596713
-8.29467261085968 5.620107728152689
-10.079761286919092 4.406274299944183
-0.6683545314850876 5.252550312215316
-2.8937493929146387 4.165086208226924
-9.221223603511914 4.815792951100879
0.34283579106044226 3.8845817322409113
-1.2381168647736613 3.7976248297815887
-1.9055440115329172 5.051255319460025
-8.640783949252443 5.368571912111522
-0.41846611574675496 5.387660937075989
-6.571906068121024 2.774545278440904
-7.998374657706241 5.025101593252773
-1.3180469215235 4.082372547965042
-8.782288099957414 7.228894201085531
-10.384583090143051 6.234788703781612
0.8584667541164275 4.625394828215209
-1.7624703012450624 4.233060926576159
-0.5302462831562188 4.245384103448597
-6.329915143627959 4.599467463641467
-2.028752444432456 4.990459872200753
-8.774027949321018 4.418393751344087
-7.968534838324104 5.3370194296106455
-8.37812324295435 5.358336066779614
0.4911627601047719 4.951572415792695
-7.691090230017535 6.351838889870035
-8.907900278370425 4.764890234180948
-8.435291817453805 7.6087779152589725
-7.907389332612481 5.9363060532263265
-3.004372458270909 4.823242621788968
-8.363876521142057 7.270725749313006
-1.9775909622813408 4.607817393096201
-7.5405952102944855 3.814961103839509
-1.3273158975081611 3.416470709270339
-7.929776445671621 5.319773503839796
-2.258527151323738 2.623748601294418
-9.037127071242198 3.384706083153875
-8.606491150522434 6.229949437677283
-0.9184348395288588 5.158452530663267
-8.673988475347572 4.812664560352604
-2.6244470408327985 4.906897201605776
-6.955037021233386 6.66765446958442
-8.727611478425052 4.916832685074657
-2.862025749917089 4.403030378106204
-9.417662595285028 4.338185723751687
-7.2093912119155785 5.8999205878696594
-7.474050413099875 4.740202871663529
-6.110454451326329 6.236212955261392
-2.7211373207191594 5.7996148448075875
-0.40448409572923094 2.793770570722402
-2.1521799145211578 4.682475612212298
-1.644520305721056 3.641025440514607
-9.243097621556847 5.624863593130383
-6.756104162860621 5.140249051916284
-2.575715849711706 4.535231933358989
-7.135546368350582 6.496536139449359
-1.6107757623918995 3.588232331805432
-8.747217018766635 4.774915760786099
-0.5875317844327345 4.975956369703008
-3.3696079389676163 3.2020499677700967
-4.223211391611647 4.232036219903111
-1.2219561761061546 3.530476997653491
-0.37799627350876774 4.632275483682952
0.05881257919307692 2.7669355153924347
-0.355363542517829 4.0219672742404535
-9.76035126996302 5.865136762515391
-9.966324509919591 4.708208205968634
-1.6496684992197048 6.941655389730958
-0.11275703074995036 3.1790622604298404
-3.1563472911604955 5.574436910291457
-8.539252758702924 7.023709772431406
-1.1569355051793329 6.626736145277816
-0.6250890120994212 4.050007253317674
-8.713987610325633 6.30656587944367
-0.5462023022713058 4.184977246811864
-8.870487631459214 5.65321403844289
-7.199172046131828 5.431013310222164
-9.799276922775045 5.877931933959823
-7.722166763454339 7.143413756387459
-7.698610490018273 4.825300889175989
-9.110459823949954 2.5980597019254175
-1.9536359692445902 5.056564474526823
-7.170462811424217 5.305269136649764
-1.8231287520632842 5.3058668647838445
-2.3984163785037502 4.077734986506133
-9.20541972486941 5.263676648668693
-0.134966165036843 4.046814998891499
-1.3160248341990883 6.2204140008022435
-9.302436070627035 5.643238285043486
-0.7537892766550729 2.829380874443284
-7.110610823954795 5.638305656473228
-7.881154500817298 7.950243145312115
-9.594095558617608 3.3740727896176224
-8.703448969058396 5.089310346633928
-1.574303050879494 5.49333106488588
-9.078728972217526 3.536692108794526
-10.375916804816342 6.597281163501783
-0.6794070668938403 6.347309064076084
-7.480223064154751 5.950173032226784
-0.8764109471516777 4.461614718021574
-0.8536943389353989 3.018548980626833
-0.6675006074348335 4.531322220064481
-1.1062252811453388 3.7705690898234545
1.5720372041241082 3.4937540279747537
-8.070274339465321 5.471689006594325
-0.995200109572757 4.333758845311388
-9.80926086059436 5.9398222800174665
-1.475167426297816 6.161455361364977
-8.796905706469515 5.472858574509062
-8.877416427731385 6.24096660839589
-2.544788043724914 4.7186509137537325
-8.615914424400403 5.0678535519180485
-9.121939505413216 7.3459530841509375
-0.4332748496290061 3.4252932713776345
-3.0534277926739337 3.5270111043983414
-7.137850343889354 3.8200668606239505
-8.655989606405939 5.798284594315097
-6.949656001160982 6.250657740851217
-1.9539129181755501 3.7173382181872014
-8.203991994650789 5.591552582805303
-7.640958029870156 6.761598347416859
-8.578208260460919 5.610204364384604
-8.605888313257596 4.85601960830258
-0.4876298348551589 5.420639414383476
-1.9810948954681464 4.490959899063585
-8.842652680968703 3.6920059662718248
-3.7929504341772398 4.38586205380205
-1.1685562334317958 4.666698650082409
-8.562300880632652 4.3591288083314135
-10.779017486122063 6.501781833767728
-8.811967571630188 5.207512958987186
-1.9351121639824158 4.161323212030662
-8.363127725332717 4.504650304059335
-8.12526925691722 4.176507520614007
-1.0593378466232972 6.025260212836586
-2.4083797136034226 3.4846316675212536
-9.190972308891876 6.510638745654768
-0.9384568003166753 3.5479832820965322
-8.844719989699707 5.76018714991098
-8.57344484441572 7.297913141548974
-9.62983025932978 7.097581508149097
-1.1601843565665046 4.903902988676727
-0.14194836298995095 4.143356594861435
-2.5129729963638754 4.171222963125661
-1.7809108514069933 4.2483720723894205
-1.0987955478432956 4.1553015158157045
-1.347968406690563 4.5838123266042325
-10.343114451523368 3.8175607936679654
-9.20386006472611 5.484900996697167
-8.563344422669779 5.967720569907629
-2.3538947003536816 3.4651095514574273
-0.3335294984647649 5.938658059189101
-8.25941846583618 5.032265101809764
-8.657644332899944 4.185029222679276
-1.3212654181707608 2.9017765178012236
-1.1274878459245843 4.65667912686424
-9.59583345410923 5.890360174818907
-1.1444435126852797 3.4905116897630624
-2.374937647208918 2.5856192214974403
-0.8213978356991614 5.100817891503497
-7.485413631151578 4.3370790407154525
0.2843306769522964 4.359282801622656
-8.697843371900548 6.617151605453631
-0.6136423441569825 5.454403380475878
-7.170055898556543 6.478314500292264
-7.130839976031223 3.639011903129039
-1.4512908010313708 5.407232812063697
-8.083107409231793 4.157168375951355
-8.633544691033794 5.7496368025728675
-4.730943059633422 5.861204196172999
-6.380447015967231 6.2822673380959175
-1.0566878877867263 4.677534384778102
-2.24647595394831 4.756594757275772
-8.151043646926837 5.830796641723528
-5.5444597188018525 6.735269299525286
-7.588946259013081 4.6892575979729445
0.4019486625279529 3.8262243176012882
-7.352277315195142 4.920516489983143
-9.13854978600458 4.214579543297987
-1.3981369912191934 4.0563333979176575
-7.630235221628988 5.139216836993675
-8.367795759168148 4.881501369718786
1.1021762773464467 4.676641700678527
-9.338324204106602 5.9727461945398685
-1.1788096604055978 4.019239669824893
0.48991916480029496 5.447686271126631
-2.069586078754435 6.417558214105637
-1.3637881108604433 6.02749753887131
-8.1280097838912 5.365372180129484
-1.0649908236481445 2.7040112688645435
-6.561815350188915 5.835677691439487
-8.78513709473669 4.607321255126058
-8.793791557387301 4.277144588347558
-1.3501218731011388 3.9282833612028822
-2.8108416535389944 5.490496872957387
0.3837541386413641 4.645981317637411
-0.663306584495811 4.705882283615193
-2.687091334322428 4.709021259603173
-7.191741587503134 4.647185386714562
-1.5786514115201524 3.49784533794339
-1.6041139765508066 3.9337459926225766
-8.592790084632043 5.100151765738728
-9.160811830708624 3.8581156815687785
-8.668715715329146 6.190761087403751
-0.5693820459106855 4.518923445859619
-8.941992398172243 4.602359936087929
-0.8067776768707926 3.3968535011147707
0.3848276006146969 5.15519274519085
-0.4801798201888432 3.3051527826743943
-1.3377367084058729 4.85550342338994
-8.047099842317099 4.566736529213368
-9.403158027627095 6.010172675918271
-9.358879151100597 5.31121794564833
-8.880113824120956 5.576490224699988
-2.462436080927019 3.8556088180533434
-0.34073416730799133 5.259078677031587
-1.4843128336767808 3.2900565232446617
-1.6804792715795005 5.264670705392096
-9.185418428824725 4.628009955836948
-2.56226573167407 5.543687836534778
-8.70401235746547 6.593309554245499
-7.557596249837686 4.772166692350364
-7.417885913356318 6.164258333429698
-7.796578563136199 5.02014778326222
-7.840048952176648 6.489560606283055
-0.1184773060620925 5.257598059027526
-9.873762223336243 6.209956950871954
-9.021149392252388 5.415710219132545
-6.576996632453043 6.4970849944463405
-5.963022829417097 6.073497024940301
-9.653238896213562 6.418387763659865
-1.963236208427819 5.44274667072608
-2.8867483159276097 3.031091279538807
-7.66172902285494 7.342009543078658
-0.21717055931366125 4.993194702134379
-7.211445979296643 5.505004502062054
-8.809021754416946 6.342389080330413
-7.579221105067553 6.256396715838987
-1.884802530511093 3.8430911989009013
-0.17102611232393272 3.1061861829620216
-9.248395302414597 4.7816777709852
-2.4939983432819695 3.792963256615387
-8.977076196741951 6.237489010706347
-7.289711038235403 4.676979636278802
-1.9279362266716307 5.404123086188254
-3.460426174437506 4.76901201480368
-9.756444826912471 7.2746834390927
-7.2243979847816036 2.5216549799380776
-9.099527562304756 6.615791369667372
-0.9828416695612157 4.002043446869263
-9.513965276306052 5.621153812221479
-11.157455979245654 4.063581710473155
-0.13337063207091027 5.676077341273155
-1.2320261443963931 4.082566508603206
-8.394337491950862 6.121797403871924
-1.1993859199304422 4.923873895324772
-7.424437663177601 5.1819015262822745
-8.667995527042962 4.439204970954201
-3.5829392761584224 2.7905706291263264
-8.141859997032357 6.333402429179653
-1.6385602197283546 5.041832951365745
0.10633652392951798 6.824280983134269
-5.89280994273796 5.816228917535457
-8.421654719143028 5.460681099239603
-2.0523603532081185 4.779957335422696
-2.41092666055786 5.457029371715623
-1.652781696418316 4.599500301013219
-0.8947524500813998 5.465914701778686
-6.517313828141896 3.348744625699596
-2.410269700628333 4.262111802906835
-8.606211410087703 5.288899504213412
-1.119693637261304 3.2833425746527682
-8.316976457297043 4.35500320831994
-9.033031304419042 4.927923856149238
-8.155928047262432 6.36124438805939
-0.5358283164091144 5.173393022891617
-9.845706811132235 4.053502499488331
0.4559187704502323 4.824229668679522
-8.883225839240328 6.924122765903215
-9.074916890837272 4.6101906265374195
-8.052715544303181 5.781415345390824
-1.5904806579682074 3.710374315608192
-1.4957282765740247 5.749618922239273
-0.4596945258655908 4.20736312921637
-8.556946518405464 5.670883528437322
0.05557097283265788 3.8398735675660216
-0.6915829363467092 4.21830985577011
-9.518998241916123 4.3001671341238525
-0.6592716343356784 4.410463945966538
-0.6204824671829898 5.486677515225261
0.10892127569659205 5.70207799073185
-8.497765585358783 6.41739361571015
-8.977521397869731 5.848562012058201
-8.440564331734247 6.614663072486987
-0.31700889731353576 4.516067142037758
-1.8261044374213327 3.4839188472918643
-1.2826867829712223 2.4138658414787177
-8.734098135197732 5.829835633194796
-9.424775990852249 5.411624278943914
-1.424812386614624 4.917969981151369
-8.298178665411067 4.414837727892453
-0.5370697130416796 5.187868474597572
-8.272052630147913 6.621356150120748
-0.4446206309389049 3.849560581514901
-0.9115294824114948 4.233686408448057
-1.5315970272257113 4.0437065726183485
-8.91391561995115 5.98288014940896
-2.510774221505965 2.7647822572639438
-6.85403067934729 5.950856976046032
-1.6912253989690385 3.1674162560868266
-2.684847363828677 5.813866880489658
-1.3907582350565268 4.523610141322798
-7.8880493698366445 4.001818031534155
-0.38814893194965683 5.4610571184755665
-0.24324774064492072 5.071597957193499
-1.5738440487121523 3.15156040033038
-7.914889846775959 6.269376900223808
-7.4522111958997925 4.502397382400463
-9.717351726376872 5.083448622098582
0.7737003194978791 4.741710698566523
-7.75318750318976 7.184489091611994
-0.9621614125495235 3.7355899509363324
-9.551819106771562 3.765949878073717
-1.2578237436825506 3.488558438007682
-0.835274579935176 5.946063157635853
-2.809682360520884 3.70525812142184
-1.8974942184009655 4.179451677584116
-7.452518855041045 7.108738813249205
-2.0856234586681026 3.2901878948671257
-0.37021184069762025 5.058412703365033
-2.2132246066255012 4.715450359140249
-2.665874725733154 4.452646471492626
-1.258092093730281 5.112143668202416
-8.2183615512018 5.0476793694519735
-1.4496708361296364 4.535481936826293
-0.20232651946706293 4.228397962554964
-2.1696829502083235 5.192265386950073
-8.842194915187559 5.117677659123093
-9.77266409647925 5.895320554175816
-7.59536672421869 3.98788563047862
-1.111740926540089 4.292259342299813
-2.1408072219302094 4.15315340985955
-6.819884678921056 6.180335141621923
-9.719443390222052 4.770990966766199
-0.8511114570970519 4.428637592119056
-7.700539537396399 4.852253923076349
-0.9208719858862824 4.8095820487634455
-7.403602167927922 4.932415523080462
-1.3102872273963944 3.8756404333911276
-8.621704360206952 5.533877674641956
-1.1684901989626553 5.210971868016116
-10.124909801926695 6.133805201128384
-1.4616645399848447 6.636624007181815
-8.841231574167704 6.04852682344136
-8.292641112235703 5.831618780906152
-1.8940959372330393 5.408463321068664
-1.6097152952320934 4.432243744237734
-7.013462439599622 5.660952211148973
-2.0954882980855065 2.7658580259547274
-2.1297970782073974 5.731296565941022
-7.595698210615032 5.230463580864065
-8.295543970914895 7.338722140195117
-8.784284219127624 5.910429636704854
-7.540590555162618 6.206458747612114
-1.5453328146697876 3.4087720501929786
0.28037164656862257 4.840025451920502
-8.759237716225666 7.256800628074689
0.38740785562731395 6.031410067902756
-9.709326280536484 5.407795591221908
-8.024631430274189 6.655733371451431
1.1262304850346516 4.578940322840557
-7.40214985174168 6.5024944628363155
-2.1199896597484784 2.695584467613502
-1.0046541361708827 6.049512793869081
-9.963908000328674 5.881331704378751
-9.200917432636063 6.1904270721001815
-0.7217681375029726 5.429279005269361
-9.111081084951035 3.774197721598997
-8.795699817143714 7.449039204668451
-8.498086531365795 6.679349624997174
-0.3548426326152506 4.621245888393966
-10.545434143615175 7.267706624350689
-2.2264911986090548 4.748396846011269
-7.090464732712242 6.625623724317916
-2.533375022456789 4.463412680151467
-7.490549419581384 6.3122790152693025
-1.235242524483549 4.887943503283078
-1.3302893969157834 3.8321972796720347
-0.089944963033874 5.1387167098858955
-6.471222423536558 6.370827150449428
-8.14558965921153 5.007288349316573
-8.552050830508033 5.913647229843942
-9.541079527083248 5.262532972999253
-8.84156593074773 5.0549045716806535
-0.8615523678339736 5.0400173569287015
-7.842115645190629 5.771087545772868
0.24150806048687357 4.191020553113333
-2.4988699288801683 4.478552498429808
-7.5256234827303174 5.733028128307111
-8.917329341327891 7.4607191032236795
-0.4042399284715328 3.6336184772294144
-2.182260282272047 5.324780942522585
-0.5130776424168416 5.9321670444556105
-8.401479698019989 4.1043935629807065
-3.418065392782568 3.9035958008589424
-8.334924137555383 3.9801068356068394
-3.3483838069235805 3.3548274195975587
-8.024206400645564 6.178033166065773
-0.5311325157063193 5.034042979099658
0.9557915752441986 4.97209044801716
-8.252635181962507 4.879827037082713
-8.591344684301552 6.009693264927634
-7.500741061740653 5.695395410358557
-9.908797678556411 6.099999967983334
-0.00253109861244738 4.2270492064985525
0.45891171954428955 4.955548740345083
-0.9269687220206457 6.35023832375451
-9.095623728318515 5.789048910081345
-9.034228971872727 6.295114958075016
-2.1438512969875996 3.9480533473642603
-1.3013929411324114 2.881339487249919
-2.795466461407855 3.8955856467654613
-8.280184207895347 5.756576037571457
-0.8743787515157077 4.6812963405081724
-1.39861868676745 4.560966910032669
0.07010146360970282 6.146451195799811
-7.651187040914437 4.110344806595035
-9.209869043252786 3.5883609400622904
-0.9327768654019661 5.0219011846486525
-0.22615237772672514 3.9468852572724558
0.5133487767091816 4.130842364435058
-6.5796981090021776 3.889746208641631
-1.5863236813337112 4.044324658814446
-2.9298313244334357 2.6465521827005922
-1.6801666834509899 4.409430985429778
-1.1026639057870258 2.4545835092915835
-7.02753961607172 6.609868218129244
-0.3867404275775215 5.350995318027324
-1.6593154845039897 4.746694951646827
-0.6056369005345441 4.150901455982188
-2.4926753272539415 4.796820159043077
-1.6033343351939215 5.560074266811954
-8.994448616765588 6.265959925790872
-1.9839477454644499 4.779468806295241
-8.547127412348654 6.815876380572892
-7.903860864066427 5.9474843190445155
-8.761818079041637 5.898184197072193
-1.0493215485622762 4.510085095007472
-0.8304034395573275 3.399346116831222
-11.226603478300625 5.62035109935527
-2.0230547085496364 4.025513583201686
-0.5575196060993953 5.802836312657309
-3.173292339948423 4.230150560303151
-0.324625738272844 3.789512817138543
0.36327873830951485 4.707159946359936
-9.888780031278177 4.952198539029478
-6.9491660835131075 3.7220492487718007
-7.928121645355144 2.8444805910614437
-1.891208868153737 3.2355384791131288
-8.002056453394074 4.4968762180772215
-1.127068212151396 4.091451058381072
-9.561206680740444 5.481145676052144
-6.976195096923273 5.315740608726912
-9.337927316695335 4.983896681322036
-8.173153797497948 6.817694728770922
-7.91950589241515 5.142440223703383
-8.96001143758655 5.827855605348271
-0.3779297745131034 4.100481735457834
-1.7164977037572884 5.12060168075454
-9.679678207231683 6.079731682790578
-2.0867296677408835 4.5691715234005414
-7.551014913007478 4.88607128421646
-7.576122117266627 4.723050108437554
-8.846660636783115 4.268594236810217
-2.2240950623510125 5.899573319114186
-1.9575406169313863 5.06907286393774
-0.9255429770289119 4.362789304944534
-9.798067593110968 7.0376999474318795
-8.84850678760842 6.246263739806682
-9.042290067315621 5.1725814423071625
-7.463293212703773 5.448015876062157
-8.466786523413234 7.152411041217885
-1.62944099485337 1.0536419912797617
-1.640322736494397 3.4285432189296228
-0.42341999618255044 4.99732557649113
-0.16232954106198694 4.193825334746107
-0.4486605150258056 4.159269235551277
-1.3035352274267007 3.6855834101399414
-0.14883165306868418 5.583351207208334
-1.4608590896339242 5.434387136284379
-1.1925869369032944 5.437141920522494
-2.1742662454122677 4.120216193488908
-8.605244262133475 6.4472924818295745
0.7525498577853635 5.457316749050106
-10.821310288151484 5.676262633860168
-1.832711115101477 6.052309540015605
-7.4561762068573625 6.198874360721843
-6.607660129641956 6.424555409586067
-1.431284320670178 5.173691410842372
-8.31447670004206 6.386174636443027
-0.9401369897648193 4.919372336814013
-8.878271881733705 6.126995530017302
-8.666689672870637 3.8203629918437843
-0.39737029650782496 3.8925215630276813
-8.117018379486481 6.0609713402429
-9.55657129588272 4.131599373757225
-0.8168656516221535 2.8966478276628074
-7.943939721013713 5.854080478824293
-0.20838709483947015 4.509834722096099
-1.2741901277523324 4.805916753744488
-0.8216627853157709 5.895259072365327
-0.06578075852926779 3.8584672129269877
-1.6530955210883533 4.850836175956705
-10.538249015642032 4.9362165051354845
-1.1306820927122576 6.762822316500826
-8.519456657495738 6.108826478858999
-8.655524470090864 6.571112347480605
-1.0612710458238164 3.881410494189822
-8.606621747759656 3.698514525519945
-7.8245209996226714 4.129822743405699
0.020335923031449488 6.133607788594185
-9.173766509985349 7.128370893919236
-0.23445134921478328 5.844667357300526
-7.939386004796859 5.232123316559238
-1.48985060835918 4.865265327933047
-10.435102082926154 4.720580739043419
-2.283885507092493 4.94851032358672
-6.861889403615057 5.700280546971518
-0.24255552464731278 4.174408523674336
-0.22742179846766586 3.6537545901859403
-0.774389228083385 4.642273986432376
-2.580577060634658 3.9251614056826853
-6.843650427757963 5.765875215597183
-1.2230078666101718 5.292040889678831
-0.06744849364434602 4.230996918749164
0.0775827925008512 5.019277770402675
-8.981141502105077 5.467136024138008
-0.731017240733634 4.173418765328489
-9.014348575283156 5.147051428697567
-1.795880037048562 4.9404716136975715
-2.10646415006567 4.634307395224235
-0.6292166597248883 3.8741698605926627
-10.050364760113272 4.896444124807273
-9.47079891352462 5.808800436404556
-8.053033233746213 6.370353273804643
-10.503700006276619 6.11486795383632
-0.5805898530121505 4.603442258750416
-8.057426677527365 5.179994026379209
-8.07694695966326 5.425335264633386
-0.9230478076843815 4.161752358903136
-1.1358843314735618 4.888862737977261
-1.1746258245976484 4.937028446316332
-1.2378612262715583 6.6530654698179585
-1.8849801244198559 5.239599797340755
-3.0927068347541553 4.781574866657967
-9.38209006502403 4.693134276710858
-1.398819318611386 5.454735279637868
-0.9513583307409157 5.90729590490953
-8.151316455862064 4.159289273589037
-1.457036963423172 4.7258370822611155
-0.2904678160741542 4.5975724905774165
-0.921489175392203 5.073358254688975
-8.441014048842272 6.005892127798801
-3.2338889534012747 3.5379699217833487
-8.443115049387483 6.034161979983509
-0.6129768734000411 4.349214338438702
-8.939377383185288 6.170948772098116
-9.057720333742878 6.797316104805667
-7.1625123278743885 7.085930333972845
-2.370769217946002 4.797615855607788
-3.78775838550797 6.046499624928034
-1.3203370949578566 4.691774088754709
-0.6510999702542889 4.484667047422724
-2.8610054435774037 4.599216229985046
-9.499911775233102 5.27674099277894
-2.7060347749179536 2.7662395868498812
-10.217602422428872 5.469153682262094
-8.285183986545011 6.891812648887753
-7.224256499086701 7.286761641353771
-9.17042522817946 6.181346148088248
-8.538838290498541 4.411519103139248
-9.205017229395883 4.945716188601793
-1.6567394540255114 5.298069995435964
-7.696756202865684 6.747545489963625
-1.7601727704860035 3.8332164138216207
0.2707549546670931 3.0825983713843934
-9.287858644624555 6.08972043830691
-9.01917322335118 5.857366473883436
-0.7677478050953829 5.157361375433086
-1.9851474386958787 4.794590644327456
-0.9960019121618682 5.654928747390079
0.2694164588847314 4.011643009754993
-2.1022745777512672 5.251440087606093
-2.409076276184864 6.2422383035326865
-9.329507996902391 6.096575389144337
-1.6844935914251236 5.227353513986595
-1.7666743768838908 4.937082491956824
-8.109705169620025 5.712409624102823
-0.8988701251966023 3.2562028738614206
-8.857257335452369 4.708518983781543
-7.785036114476131 5.628626781574706
-8.86422069388242 4.752453207674485
-2.004789672317976 4.911157228039791
-8.581821883850235 4.874510063750581
-1.3091193169603181 3.044456714383235
-10.743338573969496 4.981450591594334
-1.409034594547793 4.116839607822989
-9.479146034928043 5.250366721077783
-0.9105084120420381 2.878924020217318
-6.636039820322731 5.606801444768825
-7.478336123591811 5.095347031725803
-0.965764465412026 2.369879905508427
-2.122766666103612 7.160538975452664
-7.782664077382805 5.7348697566844695
-8.021810105460423 5.5391693385191445
-1.3072653382545494 5.044524381228712
-8.02140686455023 5.8935584387912465
-0.9470598001952701 7.8850329041790665
-1.4207457720391032 5.422067817222498
-1.7016897334058778 4.519171641966329
-8.878857460627566 4.453827870156465
-8.440190898194167 7.216945064318354
-7.516984010405369 2.692644856998497
-1.086144722179195 3.706556495558564
-7.300023443088491 3.16428677362855
-7.1498581641286005 5.110556517800211
-3.189409521308617 4.399666866253754
-7.330020734975161 3.901388843778674
-9.009902102501108 5.068901809146052
-9.944019587167448 4.806925860023622
-7.880706060710961 5.298547790827174
-10.41349447450141 5.848989152301248
-7.670627967978338 4.213368791672323
-1.9023396212004182 5.56470552612278
-9.691153465139651 4.852701324951106
-1.4316929165636596 5.697635645014859
-8.581501285994184 4.196951175074916
-9.827301766427947 4.655703488159638
-8.283116702458258 5.326391794457058
-1.3304343338132463 2.9795516256367645
-7.51515980628656 4.6259536443080425
0.4260618678428003 5.416974254338666
1.2962178543182068 4.553013494928564
-0.6635133081222474 3.6432554748425092
-7.718322974419103 5.244910835962723
-8.152288019874504 7.832284073571907
-1.8644492103403327 5.166361585769124
-7.534982443562184 5.745441707903885
-0.22379621222672208 4.132340122571966
-10.707215036153459 6.792600403400364
0.8974123975160659 5.219108128090708
-8.58671111166962 4.672631303534999
-9.99297222227095 4.527549159176821
-9.043589036806745 4.205918461675145
-0.6498031690692375 4.041967081128848
-9.487181227987053 6.336852852196249
-1.4538850951951514 3.789770174890225
-9.067486001569408 4.396083813653059
-9.149609713344026 4.575305268200696
-2.42114311342998 3.957024582775017
-9.158163402623483 5.388245176703069
-1.8774908974682423 2.850106121270928
-0.9230774854489542 6.247643422274387
-8.37839614204359 5.054224006205204
-8.474255757614914 4.61755677897177
0.6428816520706873 5.751245341831321
-8.010726328321677 4.421736754915804
-9.040851365527129 4.644006093825947
-2.304593794019566 5.5181650458003935
-7.583440500074159 4.319639388371197
-0.22727415678440344 4.306295663327692
-8.492840881315024 4.95823796888674
-8.21840619007228 5.747671294287362
0.36760376030717823 4.188233859203172
-8.490663757825919 4.408625840143721
-8.742628592906271 5.622718585173402
-7.55292028872172 4.406223114180062
-2.067667841104285 5.934172915099287
-0.8476947911890684 4.976455262021021
-1.012590197510471 3.279043269164712
-0.6130175814593377 4.830476229865862
-1.1146341771081003 2.506756767114752
0.7853000259035343 3.7329662763922604
-9.798475548102086 6.263579529760005
-8.43541629158566 6.08819798193422
-7.926190608206426 5.886536277025403
-0.9723883037591536 4.84147135220957
-2.423826408021581 3.05749012322731
-0.5257573873507094 4.817178923584297
0.2687152714504706 5.517733820927395
-9.738213352586541 8.193021257597845
-1.0374431093613 4.814263316829862
-7.781131252700397 6.203461050459747
-0.2160746725781033 3.126253270490802
-9.91262200635958 4.432048357662198
-1.101597950789924 4.110452518634816
-8.544289337777307 6.991303161731613
-6.445374286830827 6.046382476946294
0.7252727251784881 4.120105398129492
-1.1324223965341695 3.8428850011745785
-9.815199839593337 6.484096651468764
-8.351437155330267 5.079797545067254
-9.605885669468089 5.2652170301188495
-0.9929766305248887 5.272842507025478
-1.2071638617314215 4.521481941013603
-1.9835575271065524 3.319918709725715
1.0738593673757841 4.485990122833714
-8.986744224932512 6.389174528906758
-9.114809770060655 6.280235664893945
-9.755792394827713 3.7571537149072918
2.2682537208738576 3.6952743306963227
-1.340629414978437 2.8741354047587904
-2.4587330445736755 4.740508122820613
-0.8778434347701705 5.502891584677084
-8.117031740897406 4.432244557104249
-9.867610792347024 5.800433294570301
-8.090712360763344 7.845970897609993
-0.6188652958082294 5.879409571179339
-8.992967214634598 6.0476632866244575
-8.242057518217926 3.981353248738339
-8.884754634812579 6.443298959140693
-8.009788690261862 4.799839934491817
-7.574905238336974 4.316845299692494
-8.904925368561996 4.955366013300329
-1.5531419511240978 7.393611610609144
-1.8918777730380185 3.6789451531408823
-2.3492922149879214 3.212616008936238
-1.2390336278663716 1.9967575643906783
-0.5172600447800536 3.1255139134898933
-0.7558960845682485 4.305689684361135
-7.406083856480626 6.686210089000786
-0.43097918389907475 3.616725660550406
-9.38440761052802 5.776243153186817
-9.066225805310607 5.637544494529876
-8.803536957212835 5.091001875963368
-1.991238144142746 3.15910338227534
0.11436449274462479 5.624192977223645
-7.941397653433762 5.683951925749976
0.36522723284237113 5.226759637605843
-7.291498985691186 4.419871775979718
-8.430908654568967 3.985039978540259
-9.905538327140146 6.032285291141673
-0.7853148545623105 4.6715918210214795
-7.920714384729929 5.694096303638376
-0.8526029677459143 4.28234108622508
-7.962775209251371 5.795885369288381
-8.45934526754458 3.8047271030019143
-1.0487211858906649 6.14041077224783
-9.960924474864361 5.674207169517814
-7.638809512773415 5.589628058374713
0.16911362398533236 5.2615837520321636
-8.363170045660278 5.255284673457251
-2.125731139342275 5.55653416069052
-7.17015181128953 5.913232573480751
-2.9016840138124147 4.9373168293132075
-1.6699307513852748 5.8129379799108625
-1.2543680251945237 4.280667657301394
-9.148126627086167 4.4235000890537535
-2.4235861839545687 3.732277968699531
-1.7625130742849624 3.7855158249656444
-8.01933057984567 5.479321620397521
-6.933177292489466 3.2548169133504783
0.38120716620626105 5.402416501313593
-1.885720231820715 4.849699061436386
-8.635786945032548 3.8011284736822137
-7.229192439553031 6.412297280366231
-11.556338978238518 4.080375350840854
-0.8816793446959525 5.138524260663887
-7.395059518547259 5.80196859178695
1.3641237389199912 2.6688707285612026
-0.9318766801903628 5.688047004552527
-7.641326151908929 6.602122315797624
-0.5618158062585257 5.672618241101316
-0.23620102098807072 2.8821420548099304
-8.486076399127299 5.522712383315227
-8.617718519936673 6.329085980671318
-7.784334884838856 4.453297798083986
-2.578964291768765 4.956278418732723
-9.219295599230206 6.550860512092267
-1.5594707137162214 4.927697037063876
-9.011399776366183 5.9094909349201945
-1.9786349117738298 6.502912439012088
-0.3033370198860754 3.6606209760917614
-2.010276925245181 4.497801759009966
-6.975272074402841 4.824906452519602
-0.0605820110373303 4.567466045622931
-8.799028488887446 3.8232742300807585
0.327369552744059 4.085043737388083
-7.674144475527958 4.7053743248488065
-3.2852994450476714 4.177927326699288
-8.736161194876324 4.316617924871782
-9.081655063991239 5.738833689468691
-3.4728736887204503 4.953496365784991
-9.337699477048329 4.443451295492893
-1.5799100211676282 4.273435282480569
-6.7943148049195266 4.995865229858984
-0.23603923507351676 3.996945419165866
-6.440518690216364 5.715440526326168
-8.625419322415802 3.8296388835786632
-0.4116370141706067 7.106631441634945
0.054331772501116316 5.441966193036407
-7.276442251275721 5.4556347773046845
-0.826604817971482 3.5572909232244747
-8.543427719277586 5.42311382850534
-8.37754819943311 5.132840512774971
-9.99412275589038 6.675421998811061
-9.358636741574966 6.228039415756099
-8.00026864502781 6.484256035709878
-3.1828046623612467 4.5835555845224665
-2.0897042575061446 4.916104251596382
-7.307255056638809 5.628985489977296
-2.0039858228599776 5.047092139470363
-8.821145834372315 5.883862965893714
-1.0476037518960144 5.339379154717418
0.14155474988947048 4.16773204258696
-8.3900236374031 5.053916243574347
-0.5697684937115208 5.299146763315623
-6.671856483700751 5.058409508095462
-8.179025039384463 6.439503171621679
-9.359956063887864 5.4225839822715
-1.5422393004146868 4.632109527480828
-6.281255567147778 6.4914558967853715
-2.6912597164512304 5.127040286497242
-7.729466869951529 3.9590856125527356
-7.527985362871273 4.15394791237974
-10.203819691240188 5.921028888242366
-0.9665489648956977 5.121290832533318
-1.949047262789811 2.317707760960987
-8.205285722405325 4.043691155721978
-8.21042214921566 5.493596961349666
-7.495757682951473 5.634246576408814
-0.13201889766651198 3.4401291906407305
-6.966593673060375 5.10585499786542
-8.693328717031857 5.371123195045993
-8.398248388741118 4.973127110001276
-9.109645889264371 5.318911602820501
0.04610680983947546 5.112458937865872
-2.517688820479009 4.275470052542347
-9.118285530870619 5.159780821134469
-1.295234777663329 3.1513718316645973
-1.7859684056704048 4.319644206476286
-1.4717707856826299 4.372866068064104
-2.6506658123089926 3.7448838770663744
-8.052787247568164 4.607113586396314
-1.2366887419985642 4.874996536986892
-0.8151932730781538 4.307198228331124
-8.894100534328217 6.6247471756150595
-9.028957241776155 6.771639489344059
-2.105563982148686 4.863270294645225
-7.773766848858788 7.546988393810835
-10.39920089783373 5.944497210107713
-1.4652028903203067 3.0989151386359226
-0.07709478401341197 4.19562830160842
0.47646040305159176 6.3532684402257145
-7.79060549279866 5.178440913211997
-8.42040957062146 4.748141897512411
-8.388896417730793 7.458967316495119
-1.7931620447175347 4.948371547000093
-7.3370636157839915 5.925754462550785
-8.56860966296075 6.791461767146304
-8.051837971684696 7.695501853478694
-0.8746652353701426 5.586064452936437
-2.503168772944611 6.605246328791376
-0.8492990900906086 5.054323036358614
-7.8233348552082465 5.923211816289685
-9.308292160363303 5.826227390537053
-1.3291660714343498 3.2019672069413767
-9.986231543975045 6.035847690100284
-8.682018850555677 6.6294112729367125
-1.8237614222586394 2.056188756811042
-0.7907747935434679 5.242429248070585
-1.664116147144667 5.49086525950132
-9.099263186487615 5.426827583606571
-1.5069572613019275 4.472632794736554
-1.3329233094387214 3.444228917025087
-1.5014431731761786 3.8412447705476294
-7.622539383586682 4.585808154400771
-7.6331009703773205 5.418389443549943
-1.1725292620544685 4.165635776827717
-8.700727400867756 5.289960594438776
-10.232734731734814 5.224475899175605
-1.8612114734949008 3.1806317190448956
-6.874201782590535 5.348891343871202
-10.34141094777257 5.93642679782097
-8.49078270803319 6.138114336744337
-9.142760838563607 4.781697651808636
-2.594825731842897 5.444094324556919
-1.7478660240802006 3.2417650960937343
-8.933051259142315 5.467816047784477
0.25563209912228957 5.3941996519655255
-1.085236680055623 5.5079053116628085
-2.4529011147612687 4.799203083172717
-10.334293069237587 5.103048614159055
-0.9717689325140211 5.343120663240443
0.119180627815622 5.509852477147026
-1.729233058230049 3.7522350473691484
-1.6161248135000035 4.109438955038226
-2.1816461451591787 5.916107454834664
-6.9161710726052785 6.222531692680272
-7.9166576807474085 5.109919274277889
-2.965444633611984 4.234687654549094
-7.307601066534686 5.165051998760074
-0.522390345741152 5.272821766243323
-1.4554972187451745 4.1494636488538195
-7.203220557729026 4.814022925085343
-1.3244462855066628 5.419047974478005
0.46637250815579123 4.477407269047272
-6.865202197110422 5.546192219464037
-7.8274629288563125 5.619842235538491
-0.8779458805573195 3.186390064678509
-9.160843455911126 4.250063384642366
-7.681906824819432 7.356808196018337
-8.240208099536298 4.845964572565867
-3.3687947396608044 4.058270708583377
-8.782617734218642 5.369452823486156
0.42188517277878934 4.47965475596585
-1.659250324344266 4.538503435030448
-2.838596553838043 4.3034939614811405
0.16757623595080706 3.4318411536791222
-0.08064922106436367 3.1945524020528717
-1.292952569497392 4.538351685511611
-0.7672448421007934 2.731669280020726
-9.774552091389118 5.710002909813
-8.218018639334291 6.994222777754233
-1.3877178346024215 5.268832198942567
-1.220523882830467 5.92135973774746
-9.597566638974929 5.008613378720029
-0.7574468874944282 5.285847374082719
-0.5822111243018404 3.903565849687147
-2.1065856439283293 3.9099965600462743
-7.214788143680623 6.6132225737904
-9.8899891164301 5.037909977432267
-0.6366750132455172 5.628831575655319
-3.4140175757521254 2.7804184945902177
-6.889449279181122 7.021771011946649
-2.1693369468273938 4.534421862905412
-0.546374122318186 4.3443328366694685
-2.4538069173375625 3.2073707844690196
-8.988796360454597 4.10377195426077
-0.9222171297329823 5.685262637788214
-6.7491883162924 6.64590750193442
0.2168704989895458 3.878460878682508
-2.892576081886677 4.012554964323346
-1.2698059362824659 5.365299438186156
