2
-7.04711305587202 5.755219828506476
-1.675459201729173 4.297120270062864
-8.667690529475086 6.295669954581869
-8.090712360763344 7.845970897609993
-0.7323126226911986 3.74541887002316
-1.8002712259768943 4.043509154123694
-2.1404412376555157 3.3101164865549295
-8.564815478553625 6.552491052524358
-6.9705156921039455 5.385642877784732
-0.2990656780637382 4.321036532677611
-0.0864994527124967 4.122099374144802
-0.8352508654392471 5.640697006829343
-8.058331598222846 4.674831188089075
-7.424437663177601 5.1819015262822745
-1.1933974502469336 4.959125693750751
-7.836721379708416 5.728998822064546
-6.707673334591522 5.268962092889228
-7.4561762068573625 6.198874360721843
-7.267552018405009 6.57893282964026
-8.879062067948542 3.3100607428305704
-1.364602906420929 2.5694422373364763
-7.968534838324104 5.3370194296106455
-1.4513098756931304 4.242050906862524
-9.544726720515726 4.786167263370554
-2.271946434967325 4.49208152403801
-1.747857871324156 4.778464409311783
-2.839028202995085 5.442196344611961
-2.6467611899394496 3.8231262508460087
-0.931701465451336 5.280071842406342
-4.3143201368997905 2.9513030626573853
-8.082288519018276 4.155254187801354
-1.3394824446554572 3.067878886891447
-1.358724520192821 3.950166255470598
-2.0959084753566084 3.8548243931385673
-1.8866072382620955 3.682698033430214
-0.5935629115076325 4.690985395193296
-8.774027949321018 4.418393751344087
0.043546363483758066 4.488664884118081
-7.997496512263604 6.710666330461375
-8.994806547825169 5.808097901778893
-7.381895410276033 7.3127560916713845
-1.8242069639718812 4.508472206346407
-8.669861524828821 5.007606025939157
-2.8200638275725236 4.727276391661682
-8.37240022730924 5.8509535803576105
-8.199374288760893 4.071851312932453
-1.3014088779388597 4.294041540321871
-6.561815350188915 5.835677691439487
-2.355547797636201 3.8795410905365597
-3.00058707126182 4.246353400173323
-8.173153797497948 6.817694728770922
-8.842652680968703 3.6920059662718248
0.22855640173910463 4.531879922965504
-8.38567928792246 4.261855294846598
-1.4266968739904202 5.061688799220282
-6.756104162860621 5.140249051916284
-8.606211410087703 5.288899504213412
1.6292518195406287 3.859213510525446
-9.14747939989693 5.542508394752219
-8.200395394589831 4.849310108856767
-8.716583291193404 4.145134432311503
-1.2814876339417574 5.187860316798661
-1.152318650612135 4.992725115688455
-0.2587222204019264 4.566323122175088
-8.860974155807245 7.627448065563405
0.5508138884589258 3.4049202470349043
-7.417885913356318 6.164258333429698
-1.417175910333849 4.907808299374643
-2.5731809982546094 5.355024363285295
-6.9442545791277 6.267794038211954
-1.171469523313627 5.445086181713906
-9.84369393150005 6.329530230229683
-7.509633728129447 5.882012268637083
-8.519220242381502 4.147697145655718
-1.735057355403225 5.108416722522878
-8.666689672870637 3.8203629918437843
-9.403158027627095 6.010172675918271
-1.3310246014749338 4.3336590180636385
-7.6331009703773205 5.418389443549943
-3.531064249091332 4.543135414193766
-8.732150545758467 6.736354904896356
0.05027725383559267 3.518113098531093
-7.534982443562184 5.745441707903885
-1.072457858703334 5.257102348259558
-9.262757241146595 5.600441417708241
-6.823134521334381 5.752711380258651
-9.70735815624842 5.781276546417059
0.427745904784949 3.732629385039057
-8.451589473980295 5.169307251246301
-0.6356748179338445 4.415113370596279
-1.492079293859005 4.700763345011327
-1.2918168142008115 5.256988898231896
0.11447390527745704 4.7789926741533435
-8.365185841026126 7.03661536553605
-9.717351726376872 5.083448622098582
-8.549648078826774 6.3796776558527855
-2.9972560388404563 4.84636191467904
-0.6386872193722339 4.169475502643705
0.3106677790868244 5.548849402072746
-9.216387737725423 6.670845976377788
-7.51275774890735 6.159153017037238
-7.391427452797641 4.790978163273133
-2.481528941382546 2.971715238191546
-9.414113326759798 5.467100194709794
-2.873248341420749 5.640304549952897
-9.678054058120589 7.060351472015817
-1.398765107913717 4.239499623928053
-1.1098167479483325 6.24832978784326
-7.985208796628171 5.960565845753385
-9.099263186487615 5.426827583606571
-8.56860966296075 6.791461767146304
-1.0535251295761694 6.209649852011648
-0.45648636067163595 4.228349340513189
-9.338324204106602 5.9727461945398685
-1.3022704964385805 5.862230873548144
-6.976195096923273 5.315740608726912
-9.004687964445495 4.476413456596713
-0.828255498126595 4.342616718410856
-1.7572450906550483 4.753612489950955
0.4477040364192 3.866792941675515
-0.7396709120073115 4.438794706677416
-1.5404196098195078 3.521955859435456
-7.905772325192874 4.8455386483808285
-0.9020655230544031 4.295479973602011
-0.6460305284979179 2.872745743350686
-10.157231056158945 6.613390780263183
-3.536998644783337 5.372709545584259
-1.248644916487192 3.2795535519602517
-8.86422069388242 4.752453207674485
-8.441014048842272 6.005892127798801
-7.919253900628968 5.722256750089331
-0.9092976145233372 3.030216985405568
-8.204422582012969 5.07377122540144
-0.471155400751023 4.3802389378088
-1.2509217628021911 5.097671592922608
-8.747217018766635 4.774915760786099
-9.121939505413216 7.3459530841509375
-1.593483683847096 5.257808130735821
-8.357274272785487 3.7445699732945865
-1.4353421712323982 2.1778835775240184
-8.773545449848683 6.895261037528966
-1.652081692989491 5.495674887431591
-0.6271840872986626 5.405315256849935
-9.290914459349704 5.790683543621212
-1.244809842639747 5.862303686615327
-2.1168603097618703 4.182145657464861
-8.857257335452369 4.708518983781543
-1.7179925962478233 4.698783317164802
-2.3689521593473284 4.152438103396148
-8.815951235947718 5.126449192668772
-8.45934526754458 3.8047271030019143
-1.4319696340088457 3.683592272169135
-0.5489864325099303 3.729007915212462
-9.17042522817946 6.181346148088248
-7.987499015279154 5.028903574283796
-0.49543740453366336 3.296386992338654
-1.8858545157622824 3.2726807705480274
-0.30551357323916395 4.420301262780243
-8.761818079041637 5.898184197072193
-8.141859997032357 6.333402429179653
-10.384583090143051 6.234788703781612
-1.8195697551319228 2.3469540845861325
-1.7951082299034713 2.255633794970406
-10.030121859369547 6.357101045356778
-1.6999735568335157 3.47328764790446
-6.213887225894595 6.467415174056119
-10.5264697207962 7.6621713958651405
-0.8410885678930675 3.028096087767886
-9.184887408644396 6.094501267041369
-6.613778540293711 4.101102202445698
-1.9938400387334356 4.7736107265477
-2.673359087820595 3.1256749917283573
-7.925089092742526 6.275004834358179
-8.486076399127299 5.522712383315227
-10.42581231106598 5.971706628618981
-8.754942125334274 4.062273548589818
-8.57344484441572 7.297913141548974
-9.551819106771562 3.765949878073717
0.012826401785695829 5.283224992182762
-8.474724598378787 3.8436515384568724
-0.605186173351658 5.474651936746057
-9.908797678556411 6.099999967983334
-0.7600376120553479 3.3678039298937525
-2.6929944178003886 5.639765081962993
0.05638818757626396 3.8810407505565174
-1.9188246145723995 3.120991096458897
-1.3149276770667377 4.541811240253853
-7.819128508817746 6.492728149622826
-9.667426134779038 4.5483590337269195
-9.798475548102086 6.263579529760005
-9.09075616161133 5.236093616382569
-8.952252092325422 5.983762382696942
-0.8110143924074869 5.241280985621174
0.6059790210159952 4.477729156585356
-0.7563558163675141 3.8960293050693044
-10.124909801926695 6.133805201128384
-1.2487638666944638 5.009042048560868
1.406723430818368 6.451488887103373
-10.538249015642032 4.9362165051354845
-10.182173415687911 3.7952771863225516
