2
-8.316976457297043 4.35500320831994
-0.6927587460804147 3.5761150716933714
-2.4944408795466666 5.245370987988089
-7.670627967978338 4.213368791672323
-8.939377383185288 6.170948772098116
-2.327820780900413 5.428815852077417
-9.32764230000683 4.419260183050595
-9.873762223336243 6.209956950871954
-9.55657129588272 4.131599373757225
-9.095623728318515 5.789048910081345
0.16757623595080706 3.4318411536791222
-9.290914459349704 5.790683543621212
-6.291874645322162 4.7682486878520045
-0.6327235405284 6.139442456651415
0.16911362398533236 5.2615837520321636
-1.2518394933308046 4.446346504081768
-1.8536108289912063 3.6458024907557007
-8.490724288846973 6.194447474463875
-8.29467261085968 5.620107728152689
-1.0872204962932028 3.943622289505424
-7.946042574547222 3.514589784136272
-9.378994299953334 5.920690249128551
-11.556338978238518 4.080375350840854
-0.19818979216723642 5.283994760637663
-2.517688820479009 4.275470052542347
-2.1884305843101233 6.155524645897788
-9.790094856605473 3.5837283451969597
-8.498086531365795 6.679349624997174
-1.0775479021379217 4.177978126589042
-0.9828416695612157 4.002043446869263
-8.24667297750961 7.17858508205255
-8.952252092325422 5.983762382696942
-0.6082388394733812 3.628457388014279
-0.5664332366851581 5.453670895473714
-2.1089685523013304 5.277800451533164
-2.030681195452596 3.95471148971661
-1.5780086008191456 4.046543621408113
-8.14558965921153 5.007288349316573
-0.16232954106198694 4.193825334746107
-3.438668911730708 4.841369765764515
-7.876991306674706 3.7976867183755454
-3.100919149064297 3.9293127118851854
-0.4271440484157124 4.505102092254809
-9.80926086059436 5.9398222800174665
-1.8107426262807167 5.454264007196443
-2.5829069844306796 4.2144098933098055
-9.99412275589038 6.675421998811061
-9.01917322335118 5.857366473883436
-1.455963782738505 5.1091923741660725
-1.285436203620933 4.849878453805168
-1.5832912579484413 4.265552644213639
-1.6928555658676459 4.046119611236217
-8.941992398172243 4.602359936087929
0.5600459257690353 3.894778179562607
-8.933051259142315 5.467816047784477
-10.182173415687911 3.7952771863225516
-9.654785809108743 4.635324436247721
-2.465558156694562 4.064383664755358
-1.4624900822567746 4.019995896712009
-2.294370241803236 6.903345517091752
-6.874201782590535 5.348891343871202
-3.288596070600377 5.561047005206259
-1.8304915926024947 3.1318969586350245
-10.135768234253366 5.294158496410393
-1.4957282765740247 5.749618922239273
-7.7731513570450455 6.163115267283127
-1.1312054620191123 3.9572316957239275
-9.427685910984419 4.4343025282053
-0.7350226467115881 3.533245850060109
-3.347270643738009 4.975490235234369
-1.11684203416843 3.5525728408166315
-0.9345781943125429 5.339886363063716
-9.209869043252786 3.5883609400622904
-1.9049477322967419 3.7988375494082955
-6.8142729365537775 4.861701673222526
-7.674144475527958 4.7053743248488065
-8.700532151788982 5.829801923336785
0.5684333560895478 5.901254021567388
0.3990026753591256 6.2373538851589565
-8.280184207895347 5.756576037571457
-1.517522157351113 4.898123636665966
-7.480223064154751 5.950173032226784
-10.385088730670338 7.148697363043232
-9.691153465139651 4.852701324951106
-9.382460078994242 4.4391887747383985
-0.8743787515157077 4.6812963405081724
-0.6035722051701292 3.866027502825163
-1.1790186371965456 5.618840702581209
-1.3721766846456664 4.865433297174307
-8.582648256317164 4.00320769294226
-0.42521433357537164 4.775837069375112
-0.4675080237040473 3.9980676527739556
-0.31832404011185855 4.916345816863368
-0.8420346009916992 4.74331862738399
-1.448741972955246 5.00635416750294
-9.594095558617608 3.3740727896176224
-8.547127412348654 6.815876380572892
-8.388896417730793 7.458967316495119
-1.592481072186407 4.028280910236608
-9.634439672368984 5.019131560933796
-10.079831336761897 4.6219986927186
-8.606621747759656 3.698514525519945
-8.842194915187559 5.117677659123093
-2.422231520634655 4.521517993632744
-1.4184965127088172 4.043433075104922
-8.864793290249901 5.258535429103771
-7.335277598189017 5.435127450617469
-8.2183615512018 5.0476793694519735
-1.8266256003342969 5.096162070299615
0.05557097283265788 3.8398735675660216
-1.1198555835739825 1.7948738744676525
-1.7985085723616094 5.380607491638324
-8.9718703009844 5.882938609853764
-8.155928047262432 6.36124438805939
-0.1244595561752384 3.9588595728144362
-1.652781696418316 4.599500301013219
-9.76035126996302 5.865136762515391
-1.655076081261643 6.267689715707021
-9.337699477048329 4.443451295492893
-1.243872219454373 3.169178701829935
-8.562300880632652 4.3591288083314135
-0.7605426101725052 4.494150222228109
-2.2791045451052767 4.1176842111986725
-1.4122781319272497 2.454131330116744
-0.6989019408904411 2.6478605140838654
-10.239274880179183 5.975434202862509
-1.2043711236123165 3.6708098676725616
-8.168511444589987 4.538380342750079
-2.892576081886677 4.012554964323346
-3.1828046623612467 4.5835555845224665
-9.558592131951015 4.624775538695408
-6.889449279181122 7.021771011946649
-7.403602167927922 4.932415523080462
-0.14515001510434256 3.911504602960451
-9.264809168917111 3.6690038152246656
-8.166076042865399 7.048960200999754
-1.9554350403386578 2.725077880626393
-9.13854978600458 4.214579543297987
-2.4235861839545687 3.732277968699531
-1.3333901801759152 5.215108223761178
-7.15219656421809 5.293423100119065
-3.6130394299375506 3.322704574917144
-1.5453328146697876 3.4087720501929786
-9.348604485267057 5.039068848229743
-6.843650427757963 5.765875215597183
-1.574303050879494 5.49333106488588
-2.9205369901838605 3.8712713426746337
-8.328672881242596 4.885848097531324
-2.232570135110295 3.669050788252211
-8.328145877304152 5.95388566030034
-7.785036114476131 5.628626781574706
-0.06744849364434602 4.230996918749164
-6.812569983767707 5.643487469202425
-7.320380594409555 6.812235942955448
-6.471222423536558 6.370827150449428
-7.463293212703773 5.448015876062157
-8.479880067610285 7.7821377580014275
-10.77308309043006 5.672207702377235
-9.235858880072163 5.902683014731169
-9.653238896213562 6.418387763659865
-7.476071270556656 4.497947385963698
-0.686216442012966 6.413790557687239
-0.5444823966007026 5.019363334950442
-1.6502383790673394 4.104575738333308
-2.2337046614662555 4.859666365772542
-6.8608116751324655 6.531488789497062
-7.716256277879317 5.033800436259461
-8.659194751672576 6.0368805875581115
-7.700539537396399 4.852253923076349
0.4911627601047719 4.951572415792695
-7.700914552128303 4.83417358180658
-9.546612635358292 6.647237333983862
-0.7936324209955636 3.8907127508509927
-2.578964291768765 4.956278418732723
-9.371133988736469 3.9543335758365004
-9.521004885011822 5.714455715046699
-8.640838159950112 6.583807567821337
-0.531170301958707 4.586525881162776
-7.214788143680623 6.6132225737904
-1.5811625472332096 6.892872380066396
-3.1564892209460025 4.772316393626143
-1.2417739084834998 5.9171075148428045
-0.518216708859346 4.836318089797194
-7.812862270036503 4.846351629220525
-8.293873312876563 5.942308005387686
-8.010726328321677 4.421736754915804
-2.922420873242502 4.8607824757651645
-1.4869600178141127 4.349073637576319
-8.1280097838912 5.365372180129484
-1.7931620447175347 4.948371547000093
-7.928121645355144 2.8444805910614437
-8.751737434456183 6.155363777693047
-8.303289887162542 5.010482782373291
-0.195998522649375 4.028361959464478
-2.425839714922521 4.819177738798449
-7.764126503706569 5.999385749775341
-1.991238144142746 3.15910338227534
-7.87494643016144 4.5509755352681305
-8.394337491950862 6.121797403871924
-7.773766848858788 7.546988393810835
-8.24197701535107 6.52451873270607
-8.815951235947718 5.126449192668772
-2.575715849711706 4.535231933358989
-3.2927633019552864 3.7722824842392537
-0.8872518819731354 4.40618089733248
-9.021149392252388 5.415710219132545
-8.252635181962507 4.879827037082713
-1.2516771948699215 3.5128432072251563
-8.38567928792246 4.261855294846598
-8.496743025192922 5.903998240193575
-8.878639290773457 5.620809028326515
-8.539252758702924 7.023709772431406
-0.8724088974925168 4.7876996063204675
-9.487181227987053 6.336852852196249
-0.9652402663377955 4.956446899022791
-9.36802117299448 6.568648258043487
-8.032793634882195 6.371501536254054
-8.365185841026126 7.03661536553605
-2.454882853511956 3.8654636758668386
-7.583440500074159 4.319639388371197
-7.681906824819432 7.356808196018337
-8.602521156688098 5.674571727232111
-1.871759004733304 4.229723235408502
-2.5584972573079794 4.5502305600562645
-9.798475548102086 6.263579529760005
-1.3302893969157834 3.8321972796720347
0.44847626805951313 2.207682301959533
-8.218018639334291 6.994222777754233
-7.160575263511524 5.7750651933387545
-8.543411782471138 4.010411775433388
0.119180627815622 5.509852477147026
-6.591854146855106 7.2505768183080885
-9.057720333742878 6.797316104805667
-8.089713632527795 6.10552755020449
-3.329780147689956 4.430985992331985
-9.704454922265747 4.984681106236812
-9.877066568642194 5.620832776983845
0.47646040305159176 6.3532684402257145
-9.282941971298705 6.281591023149533
0.5222945184229293 4.503786767246051
-0.5370697130416796 5.187868474597572
-7.698505202010362 5.357421628696658
-8.78513709473669 4.607321255126058
-4.491990856937498 2.9431566304850385
-9.033031304419042 4.927923856149238
-8.877416427731385 6.24096660839589
-1.0338025732497196 3.6572094217227185
-6.972602382453995 5.140715297938462
-1.5939851152035736 3.100088803770028
-7.635912379359521 4.423657818428881
1.3641237389199912 2.6688707285612026
-9.70591817238602 5.187672457995272
-9.963908000328674 5.881331704378751
-8.880579061067081 6.170905239549214
-8.642092476467226 6.400913439352933
-1.7504234872717848 6.33437985418335
-10.136156735272895 5.7245284365465805
-7.907389332612481 5.9363060532263265
-2.594825731842897 5.444094324556919
-2.0230547085496364 4.025513583201686
-7.424437663177601 5.1819015262822745
-7.185630653762463 5.010113038739986
-7.66172902285494 7.342009543078658
-3.2278068248415437 2.9089679798044408
0.4019486625279529 3.8262243176012882
0.6385325118296923 4.336055841869838
-1.48985060835918 4.865265327933047
-1.3738922317270301 4.3819886515135575
-8.703683381323572 7.765696295365284
-8.746506111564754 5.946989740209007
-3.929368612671241 1.8827777933106082
-1.0566878877867263 4.677534384778102
-8.7795826070053 6.595072438916972
-1.891208868153737 3.2355384791131288
-7.585891866857415 5.244979333170808
-1.457036963423172 4.7258370822611155
-8.543427719277586 5.42311382850534
-8.209310062114643 5.307906963896978
-1.9536359692445902 5.056564474526823
-0.9494921583931772 2.662497334573213
-1.0030061437063231 4.9356457093089725
-7.3370636157839915 5.925754462550785
-2.069586078754435 6.417558214105637
-2.2881858876754455 3.566049910996317
-8.9174780430679 5.426192558246333
-7.478219862326798 4.0112143429934
-8.451589473980295 5.169307251246301
-8.247851514976965 4.32746167336005
-0.43574771179037064 3.747824104787794
-1.675535008404279 4.39757770567591
-1.1569355051793329 6.626736145277816
-2.1438512969875996 3.9480533473642603
-3.529022056658185 4.51337755736229
-1.5580390132373707 4.048288625273525
-8.160453680867585 6.287524818846736
-6.857191240724029 6.284265033374319
-0.018288164534157714 3.8831069243505927
-8.082288519018276 4.155254187801354
-8.551138158299045 4.1735290025667044
-6.983406217932 6.598468073219095
-1.012590197510471 3.279043269164712
-8.083107409231793 4.157168375951355
-8.688036789799543 6.210537008785289
-7.1625123278743885 7.085930333972845
-2.1953857739279945 6.29420319157821
-0.9255429770289119 4.362789304944534
-8.917329341327891 7.4607191032236795
-8.811967571630188 5.207512958987186
-10.51901674221217 6.205460389389211
-7.527985362871273 4.15394791237974
-10.200599356107718 4.136253953195011
-0.8261044998405318 4.320142808307362
-8.693328717031857 5.371123195045993
-0.3184587248465247 3.9037364688150515
-7.413708663100982 2.8035910830477113
-1.8799357177559761 3.5199435883622323
-8.929357733537284 4.269933266541883
-3.1104900744378883 5.1820806926922245
-9.09075616161133 5.236093616382569
-9.149609713344026 4.575305268200696
-1.3611526413716444 4.187720035342054
-8.136771291420127 6.594986989962155
-3.9309654832284906 6.1648296618867935
-0.7899697222249746 4.955726207969196
-1.7113937825837728 3.685105863234214
-1.6237260620462357 3.130429924946945
0.31449802681145544 3.821254255054256
-7.7131742420897496 5.509311225992269
-0.8764109471516777 4.461614718021574
-1.8231287520632842 5.3058668647838445
-9.544726720515726 4.786167263370554
-7.347760703347084 5.768866659652859
-8.466786523413234 7.152411041217885
-8.96001143758655 5.827855605348271
-9.252295766583908 5.626874047193435
-8.85224561161216 6.464548533346793
-9.205017229395883 4.945716188601793
-8.410509040301381 6.340044156199585
-9.225553657145252 5.984176657504938
-7.027272589319955 5.317062515300312
-8.707221731659033 4.227987426819391
-8.125917040999216 5.0092906152814525
-1.2462964402380579 2.78159323506456
-8.795160792462823 8.522683898792613
-0.8988701251966023 3.2562028738614206
-6.517313828141896 3.348744625699596
-1.056764447376672 4.503571953480995
-8.398248388741118 4.973127110001276
-6.445374286830827 6.046382476946294
-0.9292985867299 2.1695621212321203
-7.3786310567859825 5.788483633339006
-7.4231536378424305 6.465404780362331
-1.456343255372277 3.6691723907383453
-0.7217681375029726 5.429279005269361
-8.492840881315024 4.95823796888674
-1.2546001370820488 3.7507367038473776
-2.162485874996158 3.6158118285064234
-2.125731139342275 5.55653416069052
-7.719173979712991 3.462582932877625
-8.91391561995115 5.98288014940896
-8.625419322415802 3.8296388835786632
-7.8880493698366445 4.001818031534155
-9.719443390222052 4.770990966766199
-9.063247890884098 6.226535443037697
-2.278012454396135 3.648767967389281
-9.551819106771562 3.765949878073717
-1.8849801244198559 5.239599797340755
0.46527641903113803 4.7884989084089975
-1.0360919406947666 4.5750360217478345
-1.6474152891561142 4.303354719660603
-1.415226326587529 4.735575996443741
-8.272052630147913 6.621356150120748
-6.380447015967231 6.2822673380959175
-7.110610823954795 5.638305656473228
-8.357274272785487 3.7445699732945865
-1.7030482716784472 6.012690151520171
-1.6350513109188012 4.107602408037185
-8.558043675537816 7.349486288985712
-9.963156162057885 6.928687132991056
-8.879062067948542 3.3100607428305704
-2.2264911986090548 4.748396846011269
-1.7996906368519539 3.770124940722669
-0.45925633461747606 4.701759717577648
-1.9786349117738298 6.502912439012088
1.2493327890957056 3.9108907751301016
-8.711488486035023 5.519815564772456
-4.139627562160239 3.8587771087471023
-7.670492013379138 6.552749547638795
-7.164436048837875 6.148350058586144
-5.89280994273796 5.816228917535457
-9.561206680740444 5.481145676052144
-10.217602422428872 5.469153682262094
-0.7200218496986956 4.824332851975767
-0.4760032141362974 2.156529302808712
-8.855956273095595 6.180784442154196
-8.821145834372315 5.883862965893714
-9.99297222227095 4.527549159176821
-1.424812386614624 4.917969981151369
-1.8415581039567201 2.852931621277162
-0.36625017364695855 3.2781643894318835
-10.354124852819963 5.7262679452058896
-0.9548956634699943 3.916173533772907
-1.2181841106695177 3.3271604101009133
0.22347937313184763 3.6593912551439676
-0.5127906461031102 3.7396074796688774
-9.845706811132235 4.053502499488331
-8.492940604140918 6.226743881106077
-1.2917961538221236 4.912199009703309
-1.5632405236076787 7.460500988168281
-11.157455979245654 4.063581710473155
-7.835581752846359 5.820057683376765
-8.667690529475086 6.295669954581869
-1.4765147006712371 4.645769004713232
-8.240208099536298 4.845964572565867
-0.0027034170549025127 5.716544493865387
-8.702877930972651 6.563459424467848
-2.9262243493278026 3.8344934140805305
-8.723741814957911 5.5000417641586585
-8.37812324295435 5.358336066779614
-1.0546298402159835 2.579315485843134
-7.170462811424217 5.305269136649764
-8.876783380811956 5.948193660623172
-2.6360433895167605 5.209745312181757
-0.31700889731353576 4.516067142037758
-1.5638383280202368 3.7444251334768204
-7.55292028872172 4.406223114180062
-2.5444785742288363 4.0343810473594655
-2.965444633611984 4.234687654549094
-8.11740558305763 5.583086701116857
-1.8190229508621556 4.87960302268435
-9.219295599230206 6.550860512092267
-0.9621614125495235 3.7355899509363324
-7.7883929636569125 5.473405124852937
-7.899350050033751 5.653995016038273
-1.4483843600282704 4.017038758496687
-9.066225805310607 5.637544494529876
-8.080034464384001 6.6655604740112215
0.28670070851460894 4.738083842254563
-2.093270146724925 3.419702083605472
-2.4939983432819695 3.792963256615387
-8.578208260460919 5.610204364384604
-0.9006704572425395 4.262051171602888
-9.225448742293434 5.805200939111915
-7.843896313361454 6.552771130167322
-1.0476037518960144 5.339379154717418
-1.2354167899207944 3.746725431913183
-8.401479698019989 4.1043935629807065
-9.589001870641882 5.24454467089093
-3.0261670529375344 5.568639629022892
-7.640958029870156 6.761598347416859
-7.91950589241515 5.142440223703383
-7.781131252700397 6.203461050459747
-0.952755158462057 6.0743741498649895
-9.843356438654581 4.881178437801397
-1.6266181099923243 3.2680426002484255
-8.600250111603584 6.6141068012957795
-0.14883165306868418 5.583351207208334
-1.2795330391999156 4.82300419514624
-9.665906622413825 6.884245297099103
-8.98374699491568 7.16624165789732
-1.4594427698567496 4.111764319751041
-9.173766509985349 7.128370893919236
-1.0888179476281334 3.3941642895495727
-0.8701255002363846 2.9112921784727144
-9.91262200635958 4.432048357662198
-1.4320731974656615 4.133680417975439
-0.5575196060993953 5.802836312657309
-4.061239767964382 3.599817734087731
-1.9279362266716307 5.404123086188254
-6.966593673060375 5.10585499786542
-1.2727551716219323 5.764230433943399
-3.7332768106429093 4.672063598516093
-1.7526875726269977 4.2897486256774915
-2.5971055103607945 4.353971800967153
0.40970779786794465 5.403068203735629
-3.0335542799530346 5.201721405236983
-1.6184802975826376 5.8488486824837365
-9.329507996902391 6.096575389144337
-4.730943059633422 5.861204196172999
-2.387656039533616 5.403538888405297
-1.911491724100009 5.18218236963724
0.08020847531585384 4.826108460845896
-7.71335144048059 4.38726825304397
-0.5693820459106855 4.518923445859619
-2.370769217946002 4.797615855607788
-0.6498031690692375 4.041967081128848
-10.42581231106598 5.971706628618981
-8.223236340772733 5.688282296223475
-9.709326280536484 5.407795591221908
-1.0052252276109852 5.070983353954011
-8.760008468674798 5.1386539459750695
-1.2621696323888731 3.7641151055266597
-1.3745610580413892 5.68386879226636
-8.56370038702085 5.997213636407891
-9.532859027967302 3.4757942735500618
-0.4348800029880322 5.079520437933836
-8.117031740897406 4.432244557104249
-0.5721012917441741 3.3029726052480983
-0.5987040596805407 5.197750894311047
-1.2894731634351502 4.574428840443804
-8.450386657718292 4.458436529493646
-0.20222388861901464 4.765881234832585
-1.347375662963274 6.10276631713297
-9.199304230107826 4.036379999517298
-3.173292339948423 4.230150560303151
-8.76052212247187 5.250074791032396
-9.074006483923487 4.649076540403225
-7.439726944528919 5.377613182206345
-9.110459823949954 2.5980597019254175
-0.3252021642704076 2.654470321209133
-0.3121111428582233 5.7086812066213435
-9.479146034928043 5.250366721077783
-8.045110164113606 6.3904961655783445
-8.977076196741951 6.237489010706347
-3.1563472911604955 5.574436910291457
-0.8001320777072238 6.071455700628315
-2.8070956425433558 4.446862226799709
-1.8576389585503528 5.385638711296973
-9.576591938257419 5.811788636005653
-0.9426223276341676 5.673407566930226
-8.666689672870637 3.8203629918437843
-7.7576146388749905 6.3117042358148785
-10.527318286386398 5.3069996148827565
-0.8072227938601315 5.38556612072562
0.3837541386413641 4.645981317637411
-2.125718954932723 3.897619417873136
-0.8604800823268285 4.056621348300302
0.8818673785092175 4.697386701723186
0.11579244299816782 4.4193275705234
1.424496664803554 3.9350643132702716
-1.0374431093613 4.814263316829862
-1.4028547524881483 5.135322411476961
-0.4116370141706067 7.106631441634945
-8.552050830508033 5.913647229843942
-0.731017240733634 4.173418765328489
-3.885429093312373 5.175045809987893
-2.0897042575061446 4.916104251596382
-7.997914925906975 5.434761972544604
-2.6506658123089926 3.7448838770663744
-8.478707583337291 6.004068825170361
-1.6514889622001705 4.790522290383974
-2.10646415006567 4.634307395224235
-0.5989457432997103 4.364039528523898
-0.9931249262562454 4.124072171797892
-9.960924474864361 5.674207169517814
-8.64015583255792 5.185405686101126
-9.70735815624842 5.781276546417059
-2.1408072219302094 4.15315340985955
-0.4818195678545487 4.550357915841844
-9.839859395155047 7.735518163318785
-1.9698990263159715 4.079428614577213
-7.090464732712242 6.625623724317916
-8.325914519677621 6.155279583291169
-8.668715715329146 6.190761087403751
-2.1297970782073974 5.731296565941022
-1.5787892582065413 4.926903706546996
-8.009788690261862 4.799839934491817
-1.2738604123287272 5.698456574593794
-9.12787335710101 4.401753058731496
-8.160185644343736 5.199682563197799
-1.2242092797359114 4.2886585051001385
-2.0233643639192938 3.723125221805411
-1.6058937438072567 3.2568047134970817
-2.203700012449567 4.415697656546012
-0.9016531375284449 5.232546471144731
-8.090712360763344 7.845970897609993
-9.552063908613949 5.347071453410581
-8.633544691033794 5.7496368025728675
-7.19666148208361 5.132751369567207
-1.9407149525440857 5.886741184129416
-0.42363405144461874 2.6265703016019564
-1.6707818408973105 3.7908912043750598
-8.632777076395254 5.6526824295062665
-0.7638489737682168 5.768535726788475
-1.3187517398099569 4.227718048407774
-0.522390345741152 5.272821766243323
0.041668039495161846 3.3632696886567723
-0.5719344157250793 4.916761927560133
-3.418065392782568 3.9035958008589424
-0.4596945258655908 4.20736312921637
-10.026325466896346 4.418750009586184
0.05881257919307692 2.7669355153924347
-1.4241548167216267 3.796021712896839
-1.999970810700404 4.6006465169676405
-2.1897696609210446 4.239907813413162
-1.884802530511093 3.8430911989009013
-1.6568386086377889 3.840611606013077
-10.203819691240188 5.921028888242366
-9.347582823487413 5.992342582828694
0.21401047622603442 4.254039204497823
-7.551014913007478 4.88607128421646
0.05119155545977483 4.019823042564654
-7.997496512263604 6.710666330461375
-9.49765202793447 6.680682615239263
-1.1079493832614495 4.26586381986891
-2.5739364990831968 3.802432047599607
-1.6609864916642307 5.341233573127685
-0.8036494782162116 5.200001017338622
-1.283116755985046 2.6122012850097334
-9.417662595285028 4.338185723751687
-1.4600311967600568 3.9521662915346685
-2.1131024308365896 4.452886531751615
-10.242605912600546 5.375425688356792
-1.128282796610545 4.657619868095984
-0.7692288933527264 4.628490083123382
-10.490642519093551 6.265483849948353
0.2472642284582831 5.845214387233615
-0.48833084319566344 3.7027914612816777
-7.69520000294203 5.747803541100951
-0.416504646561778 4.228342077601425
-1.9810948954681464 4.490959899063585
-1.5324713986971283 3.999277491379872
-10.821310288151484 5.676262633860168
-7.380953143093882 7.6312983235204594
-8.84156593074773 5.0549045716806535
-9.730684818298137 5.72126562726329
-1.1146341771081003 2.506756767114752
-9.04556873601686 5.305565765436321
0.9187135047497486 4.711848014654337
-9.84369393150005 6.329530230229683
-0.5162843841065821 4.245435660663126
-0.7461136297469331 2.9346953613737305
-7.195912031499251 6.241531226049341
-0.25404740908476175 4.491008272691603
-3.5849448175747667 7.421722338536393
-8.009766646434109 6.286433663616555
-1.253641396655134 6.863203297636621
-7.267613357865482 6.229056406619374
0.8584667541164275 4.625394828215209
-0.8926803553020135 4.048129381047605
-9.605885669468089 5.2652170301188495
-9.335701867882939 2.4721317193017485
-9.235326500752906 6.370626956759963
-1.855288307440555 3.7679799465362898
-6.752099676538432 6.5767585593101
-7.440720033615152 6.1519738630843435
-10.656036417090853 3.9094907827736867
-0.6129768734000411 4.349214338438702
-1.0632321365330817 2.578192405683596
-7.630235221628988 5.139216836993675
-2.4143790584735383 4.572996727681588
-0.44293485667054033 5.940965930513726
-0.8779458805573195 3.186390064678509
0.1485878120551416 4.300606707817237
-7.5256234827303174 5.733028128307111
-8.894100534328217 6.6247471756150595
-8.857257335452369 4.708518983781543
-9.106468051679059 6.295433873952593
-3.483012050579724 3.6629306787345546
-8.486076399127299 5.522712383315227
-1.2794477701466853 4.228768285791304
-8.132953522739662 5.893077003234323
-8.216044250183174 6.885915717220818
-7.381895410276033 7.3127560916713845
-1.7841524448759563 3.582501898379042
-9.867610792347024 5.800433294570301
-8.697872518323813 6.124130061916199
-10.825760166257648 6.281012533052956
-2.1779468220916156 4.72040305111878
0.7737003194978791 4.741710698566523
-8.600743361531547 5.079238543654067
-7.289711038235403 4.676979636278802
-8.922185524789716 5.538503273613247
-0.4932898748568777 4.288705539668227
-9.15993180324299 5.55880434604584
-7.547532414577891 5.549373550963712
-9.997945121531547 7.269896743257724
-1.920749653568746 4.1412236947207965
-0.7510563860416748 4.847565913525886
-1.3591409272973336 3.760958229185187
-2.1683099238007992 4.677566929846626
-2.0172764088950323 2.3541662077040333
-9.47079891352462 5.808800436404556
-2.211845038223041 4.993863010937304
-1.1827362864819615 5.218760146220088
-0.9706446215878102 3.0341129592252667
-7.338516790446503 5.68522711312009
-3.099897032198091 3.3448567678403136
-1.4888871431921613 4.3958181671557846
-1.7385884325409486 4.819163882955853
-1.1854921279848618 3.6017235166591446
-3.0927068347541553 4.781574866657967
0.18863840125578757 6.331704175534672
-7.360496147400819 6.386670347210995
-9.17042522817946 6.181346148088248
-1.4495567588563933 3.040586430672527
-0.9978540331716754 1.891881775746035
-0.08064922106436367 3.1945524020528717
-10.14370285515114 6.066389117496676
-5.466499222369426 8.177831778185368
-2.1816461451591787 5.916107454834664
-2.23309069681387 3.7924390745154044
1.225025845582632 4.77400855146987
-2.0597324452852845 5.840907896924752
-1.4951822721070807 2.7854443360648347
-0.8159710551335391 4.204308937080088
0.14337544092140586 3.9468433986178666
-7.6840901766500735 4.113223022790656
-8.606211410087703 5.288899504213412
-10.538249015642032 4.9362165051354845
-6.9442545791277 6.267794038211954
-0.6889301228643309 3.4820278022172055
-1.7374241638675794 3.967423490767276
-2.286825107532942 4.093257450218778
-1.1788096604055978 4.019239669824893
-9.448402792235491 5.116356319793736
-1.4843128336767808 3.2900565232446617
0.04059083641694761 3.594562601736288
-1.977714100611823 3.0871328415327017
-7.394496811687581 4.86832776869308
-0.6799786453811378 3.420653395165957
-0.5319072757504414 5.731693605579069
-0.7582222232869863 4.139030739496587
-2.004017003441559 3.3244981641355906
-9.32874850907961 5.69824381158401
-7.191741587503134 4.647185386714562
-8.470846448806391 6.252988968874257
-1.8987135257627012 5.263804867182263
-7.644671449449355 6.624425401839445
-6.440518690216364 5.715440526326168
-7.791005273848657 4.858080203395931
-8.882341577833124 4.557615507113091
-8.443115049387483 6.034161979983509
-8.340814389182022 5.2843738039991734
-1.7624584893884885 4.54102162103409
-1.9938902256501039 4.99119276882516
-8.615914424400403 5.0678535519180485
0.0066916046700771226 5.120392538370914
-9.06010291060769 5.781056981382425
0.19090712264201293 4.647683459356409
-2.906477420934231 2.1185205786317076
-2.2908550141889847 5.586727426368089
-1.654994368619585 4.564991317127049
-8.141859997032357 6.333402429179653
-10.545434143615175 7.267706624350689
-1.3244462855066628 5.419047974478005
-8.904925368561996 4.955366013300329
-1.387742508520967 2.3113895211637785
-8.677361012571124 3.3069558657074873
-8.057426677527365 5.179994026379209
-8.145567531814745 4.847890481623903
-1.1558673157791377 3.469682201497642
-0.47673926956309876 4.208601302850793
-1.5644243003445872 3.724824946267163
-1.3273158975081611 3.416470709270339
-7.962775209251371 5.795885369288381
-0.03967422775146878 8.02750456648821
-6.975272074402841 4.824906452519602
-10.327829077832597 6.729767740757638
-0.8575841716958358 5.432572306301739
-2.217405072957736 4.368478586717487
-8.771064465636973 7.081474696502224
0.7252727251784881 4.120105398129492
-8.234995471863614 6.401914795208947
-0.33859739445690595 4.347220218678119
0.2687152714504706 5.517733820927395
-1.1268568567689365 1.7874298973570553
-10.435102082926154 4.720580739043419
-6.961647194770104 5.969097740103971
-0.46977454967805177 4.569127370382703
-7.51275774890735 6.159153017037238
-8.666743457750929 6.994742889696991
-0.6044179319293825 4.890527468910913
-2.237109796341562 5.808234009913603
-8.052715544303181 5.781415345390824
-3.5491901092897122 4.5084648272215
-7.532486657412881 5.726644778760885
-9.586894543659946 5.276913986079415
-6.955037021233386 6.66765446958442
-8.811570586344343 5.315427500690309
-8.150526864128018 4.779853295236593
-7.842115645190629 5.771087545772868
-8.549648078826774 6.3796776558527855
-8.878857460627566 4.453827870156465
-3.864739149977748 4.54794560901192
-0.09806336150955008 5.168558929989114
-2.4346314683124035 3.4172638272546383
-7.474050413099875 4.740202871663529
-0.4978866685431358 4.819177634484906
-0.9470598001952701 7.8850329041790665
-0.4529821953424852 4.4182210946659275
-1.086144722179195 3.706556495558564
-0.8962420755723186 6.464387911504492
-1.7039576538373877 5.870260021536156
-1.6069837760498946 4.57411131107491
-6.815956973495926 6.546046542522135
-1.1567777538897717 4.699840999798625
-1.3304343338132463 2.9795516256367645
-2.1822735151759374 4.942389935563957
-7.641792113265241 6.138017242623047
-7.985208796628171 5.960565845753385
-8.615879784018626 7.338628351012327
-8.784258141753414 5.761181815664297
-7.375389473409637 6.805149629456624
-1.8670553334467845 3.2187300662894396
-8.242057518217926 3.981353248738339
-7.796578563136199 5.02014778326222
-3.2180970019029775 3.570956880885702
-7.570050474966154 5.380349563505148
-9.39357997693075 4.307002159892146
-1.518486743629888 3.988314679153788
-7.198472477854969 5.61773717230155
-9.798067593110968 7.0376999474318795
-0.03526510084132717 4.223379376212985
-1.8918777730380185 3.6789451531408823
-7.132362828262744 4.965811719688249
-1.7010726121303223 4.985632280085902
-3.04429460109539 4.539866864037932
-8.474724598378787 3.8436515384568724
-9.142760838563607 4.781697651808636
-8.655524470090864 6.571112347480605
-1.1358843314735618 4.888862737977261
-0.2160746725781033 3.126253270490802
-7.516984010405369 2.692644856998497
-1.3804139067464802 4.115478719513866
-9.200917432636063 6.1904270721001815
-2.273319474216959 4.738262361298471
-1.2277979682002784 4.950629906303354
-7.319113625352139 5.324700589791889
-1.7601727704860035 3.8332164138216207
-1.0223728916386479 4.550511916939237
-1.2741901277523324 4.805916753744488
-6.9705156921039455 5.385642877784732
-7.928229592453988 5.7166749624870405
-10.216995317163917 5.248296060634052
0.06123346988434575 3.378072404989122
-9.31701182497643 5.163993642002449
-8.933244240307765 4.296488544270296
-3.836449733703586 3.017176467669149
-1.4699396498815813 5.159350859267312
-0.07517170157634889 3.684390443118903
-0.5111238619555535 3.8892729539410174
-2.182260282272047 5.324780942522585
-0.5995412342492195 4.971977832775713
-6.914649288594667 5.214116025571552
-8.58998724802929 5.7128846147877015
-1.004594856304468 5.941476900019326
-2.41092666055786 5.457029371715623
-1.3291660714343498 3.2019672069413767
-8.989794467279577 5.660579276606598
-0.9105036090622847 5.652130293670565
-8.522959666387507 6.227514030592433
-8.703448969058396 5.089310346633928
0.45891171954428955 4.955548740345083
-9.14747939989693 5.542508394752219
-8.699803269180897 7.0986946389685
-1.6571123435624802 4.421913905604321
-0.6513652940499539 3.154235503349433
-1.8703380627288677 5.992975599521164
-1.292952569497392 4.538351685511611
-2.585253790047343 5.412896936682917
-1.919351408898602 4.952534534421021
-1.8271509986612005 3.249144754502143
-8.846660636783115 4.268594236810217
-0.9234529956963484 5.298432245683366
0.36522723284237113 5.226759637605843
-1.5207788916916711 3.3146139569593167
-1.6755817075522939 3.7271064275945007
-8.713789627021356 5.501938356247573
-8.994806547825169 5.808097901778893
-8.546224140440916 5.793460218628229
-9.888780031278177 4.952198539029478
-2.570552266024924 4.182931214489194
-8.884754634812579 6.443298959140693
-0.31539523633068145 4.917015385477665
-8.1035712091727 6.16908964511217
-0.7130660018942276 3.9175783870071212
-9.462221793291038 6.364303051807166
-1.2293440789653123 4.040407605264971
-1.0456995012556423 3.968285810215964
-0.8702995035994571 5.572689488401379
-1.2253950823613529 5.343691873091792
-10.081047044333811 6.57126863279543
0.302927345841165 5.29018016266152
-8.907900278370425 4.764890234180948
-6.671856483700751 5.058409508095462
-8.353759767878815 5.421331630483282
-1.3111536546264908 4.39415381055344
-2.3170594557476174 3.8380251510234684
-7.807470915937781 4.171445851477776
-2.6912597164512304 5.127040286497242
-3.7210004823222893 5.766687887804725
-10.34141094777257 5.93642679782097
-8.130367546921665 4.0572058691880555
-9.775393863795514 5.592484968334936
-9.095575189220641 4.940688695579904
-9.63311617720375 3.7639061050038807
-1.015529185265945 2.935421733326329
-9.137435730918652 5.179413641426455
-7.04711305587202 5.755219828506476
-9.185418428824725 4.628009955836948
-1.04529211402819 5.4487216030849455
-8.512307751619693 5.839630414192231
-1.028645123961889 3.6447958732410477
-9.2093820546234 5.057115272458091
-1.660458674002684 6.213227129719611
-0.1760042879838275 4.828691361175978
0.5830733020421857 5.083848414454479
-2.258527151323738 2.623748601294418
-1.8162756587865811 4.949607431034394
-8.828342522672438 5.173396946997915
-7.5405952102944855 3.814961103839509
-0.20456722476882527 2.9770074883058095
-9.14523389913584 5.252455476418811
-8.986744224932512 6.389174528906758
-8.363876521142057 7.270725749313006
-7.307601066534686 5.165051998760074
-2.983866858458507 5.046484357905534
-0.03793915157800831 4.266804190834074
-8.00026864502781 6.484256035709878
-0.7114637376014797 4.747155781434821
-0.3420239953431141 6.027379731125455
-0.4882318145464475 4.577797958774989
-0.2517908737545428 4.308151962295931
-6.607660129641956 6.424555409586067
-6.7943148049195266 4.995865229858984
-9.332379033266843 4.471905277689037
-9.184887408644396 6.094501267041369
-1.844990628212352 3.541409438441197
-1.6573843756461442 6.056373948178691
-1.187571044864532 5.723557207796059
-0.9105084120420381 2.878924020217318
-8.367795759168148 4.881501369718786
-8.410575074770522 5.7957709382658775
-0.5441856688525619 4.768165501933809
-7.691090230017535 6.351838889870035
-8.583527626923734 6.059573002207973
-9.452403467377117 5.379330496403562
-1.2821723337596729 6.546129548770834
-1.0927410510686801 4.196555382031815
-0.6635133081222474 3.6432554748425092
-1.6804792715795005 5.264670705392096
-0.40448409572923094 2.793770570722402
-3.193733553467193 4.845643098129474
-7.291498985691186 4.419871775979718
-1.0696676011095625 4.598274393094267
-7.330677307878154 6.436566889768306
-2.1693369468273938 4.534421862905412
-8.994448616765588 6.265959925790872
-0.18929268189556803 3.5781693393392144
-1.4333129065539132 4.083678625695695
-7.136514184583351 4.894298668545511
0.7494912474651765 5.586690191696464
-1.2542588743101448 3.523983369593919
-9.827301766427947 4.655703488159638
-0.6136423441569825 5.454403380475878
-8.773615868564438 5.1727788608018175
-6.044534362159889 5.862666007619035
-0.34073416730799133 5.259078677031587
-1.536711337191595 4.674770793760837
-10.610813580999531 5.187342996766846
-2.061014278407237 4.797025489700796
-9.25136556912256 5.532919457919451
0.8974123975160659 5.219108128090708
-7.557596249837686 4.772166692350364
-2.1910703493274992 5.6956635588050695
-1.1174641183386431 4.765149486452303
-10.136265088844983 4.341145309349145
-8.742628592906271 5.622718585173402
-0.18746272395419505 3.7600994029866146
-2.266999240488677 3.8538268258184774
-1.0593378466232972 6.025260212836586
-9.205723631127743 7.091849721103936
0.7853000259035343 3.7329662763922604
-8.70401235746547 6.593309554245499
-0.010743329604395946 6.119625622168792
-9.359956063887864 5.4225839822715
-6.7491883162924 6.64590750193442
-9.262757241146595 5.600441417708241
-2.497356592460382 4.184216059908225
-1.0100629150726024 5.36270355839274
0.31430015144229406 4.115437137336283
-1.4354135162858983 5.221355524536137
-7.490549419581384 6.3122790152693025
-1.7398104445077114 3.723479529018299
0.10633652392951798 6.824280983134269
-2.4455286049170564 4.27055560296978
-8.334924137555383 3.9801068356068394
-1.6530955210883533 4.850836175956705
-9.876574939060681 5.1895530220214985
-0.30118920570199204 3.885196088015755
-0.9241377305858208 4.226841995531496
-9.50126885558065 6.262132265105591
-1.5878311723647773 5.3742209027386325
-10.388374456508467 5.706645055648085
-7.8776936592725715 5.544185658779748
-8.409456618258819 4.767613835402209
0.07745701912027614 2.6001232822227083
-1.6487387125471864 5.329723935367001
-0.547001707246482 4.03548072654706
-8.165096326787681 7.376715710457856
-2.5137088544371173 4.372541305885648
-8.784284219127624 5.910429636704854
-0.06518791640265742 5.246147136983008
-0.0605820110373303 4.567466045622931
-1.2061542167970378 3.6056645136478482
-1.603809865967439 6.012190221582815
-10.384583090143051 6.234788703781612
-8.782438451158233 4.651028147618925
-1.6161248135000035 4.109438955038226
-2.541898942358838 3.8495318888664256
-9.308292160363303 5.826227390537053
-1.7045429887944343 4.277514820978055
-1.258092093730281 5.112143668202416
-7.02753961607172 6.609868218129244
-7.77164355910251 5.806016999506368
-1.7238250516950422 4.078459136292373
-8.37715962935656 4.762203474754428
-8.295543970914895 7.338722140195117
-6.006113354229338 4.87690356237585
-0.6596021399926197 5.144222811986521
-7.199172046131828 5.431013310222164
-7.480291322574748 6.910637608301887
-1.0362061631709145 5.772277434104165
-8.312508751798026 5.672328571148385
-8.563344422669779 5.967720569907629
-6.287416090678492 5.516985928641638
1.0738593673757841 4.485990122833714
-8.486828683978473 6.991375974798796
-8.49078270803319 6.138114336744337
-9.724246170231066 4.612530031385337
-7.300023443088491 3.16428677362855
-9.16680361561256 4.106848691404316
-4.346381370170544 3.597877593788159
-3.189409521308617 4.399666866253754
-7.406083856480626 6.686210089000786
-1.7625130742849624 3.7855158249656444
-1.4207457720391032 5.422067817222498
-1.0434257122139312 3.1754711027343117
-0.6995789829289681 4.171903549179648
0.0692582001494626 4.513379818199547
-0.9553105425530464 4.804164782225273
0.46637250815579123 4.477407269047272
-6.946272969550728 6.33506641923951
-7.905772325192874 4.8455386483808285
-1.832711115101477 6.052309540015605
-0.7344864392352914 3.241271818858398
-6.949656001160982 6.250657740851217
-9.365794320553336 5.935754535723244
-8.601685086264855 5.453664268973996
-6.961370485632382 6.805752514672362
-5.8352954105203585 7.580561175286842
-3.9154466679916933 3.8115603648241754
-8.943708574744605 5.648243930149798
-0.7907361252310889 3.2271144409131596
-1.7019065060692116 5.420533150118041
-1.153187211817147 2.834032499138402
-9.138760775609136 7.746657168053895
-7.112181632671255 7.294826372806818
-7.22064678978717 5.475908155056367
-0.5302462831562188 4.245384103448597
-7.641326151908929 6.602122315797624
-7.840048952176648 6.489560606283055
-7.001035243187129 7.15944676218235
-0.8835076627741911 3.4430964611598673
-0.134966165036843 4.046814998891499
-10.39920089783373 5.944497210107713
-8.713691130237716 5.6138450951788395
-1.1445091738746855 2.8075754408922444
-8.23361092082275 5.363157445158512
-9.929110175661155 5.838093547786642
-1.667051540599701 3.1286083599135277
-8.23512558350334 5.649707065072672
-2.014303184568661 4.370474737663164
-8.3900236374031 5.053916243574347
-7.221682918307277 7.262680076777654
-1.0714897250528164 3.83356985872754
-7.2243979847816036 2.5216549799380776
0.9536367827859515 5.594682957805848
-1.3900118048134438 5.521191849432282
-8.519220242381502 4.147697145655718
-1.9283112436481382 4.243686374070423
-9.65109511752359 7.371310591716155
0.6428816520706873 5.751245341831321
0.6587702120436449 5.1996748601424665
-1.5201379997443993 4.488656097498134
-7.811787335050248 6.428219051499092
-9.13386396447704 5.070422007958172
-8.298178665411067 4.414837727892453
-7.333360632024256 5.7955834371024375
-8.809021754416946 6.342389080330413
-8.421654719143028 5.460681099239603
-7.89358454254155 4.7339720965547025
-8.02924826428788 5.794045609571859
-8.291340389901002 5.639157383190941
-0.9222171297329823 5.685262637788214
-9.164601723295993 4.387318701367619
-3.7929504341772398 4.38586205380205
-10.030121859369547 6.357101045356778
-8.640783949252443 5.368571912111522
-8.173720306790063 6.409144130589811
-0.717496701512724 3.0735946470641093
-2.510774221505965 2.7647822572639438
-9.541079527083248 5.262532972999253
-1.3804037226853516 3.366405779795156
-6.493269266064448 5.952454445784467
-9.094288712417246 5.539975549794837
-8.56860966296075 6.791461767146304
-10.157231056158945 6.613390780263183
-0.5130776424168416 5.9321670444556105
-0.8170856660421161 4.1610837167732715
-0.00576792764329026 4.917215064359149
-8.657644332899944 4.185029222679276
-7.9166576807474085 5.109919274277889
-10.611626780306343 4.331122255953566
-9.160973967151602 6.461345911666223
-8.543774636258428 4.729575853618426
-9.65228854196706 5.391184091090304
-9.624020366434912 5.969474232994137
-8.070274339465321 5.471689006594325
0.09755770856606749 4.398489730704173
-8.430908654568967 3.985039978540259
-0.7778563946478306 4.359534219446811
-0.1341101075977491 3.9360295382819617
-6.168125259858639 4.929280767212155
-0.8467607157950754 5.150861742892392
-9.44393164879831 6.019111371104984
-1.2536140707127794 4.483916105329902
-7.485413631151578 4.3370790407154525
-7.690679356364532 5.288341523734746
-10.06208266891125 5.8563486798451505
-7.8608841371469556 7.008481859362808
-1.2543680251945237 4.280667657301394
-1.7318499903188682 1.2633350608111735
-1.4055372535448136 3.620915293858851
-0.9310757745083771 4.406582219509651
-0.7160753470204474 4.814759637215035
-6.756104162860621 5.140249051916284
-1.2575924546833086 5.459739777687072
-7.784334884838856 4.453297798083986
-0.4884100748825788 3.5892051454594758
-6.861889403615057 5.700280546971518
-2.862025749917089 4.403030378106204
-6.397802093886235 5.37878299994392
-6.5509433159562676 5.710420287664447
-3.226637411318597 3.557088412119806
-1.0352938306048598 4.473866662114798
0.4884735607254789 4.611563475279155
-9.0529013243878 6.7865817778008175
-1.2320261443963931 4.082566508603206
-7.903860864066427 5.9474843190445155
-6.865202197110422 5.546192219464037
-1.073688893918747 4.858846413546461
0.001397342335582863 3.9575462496460774
-1.0891465761244223 3.9943646164857554
-2.1837351296417946 4.326798369631449
-6.976195096923273 5.315740608726912
-8.717186267636542 7.290527649548446
-7.920714384729929 5.694096303638376
-1.5786514115201524 3.49784533794339
-8.63812251565897 5.209453275309082
-2.6793277653659047 3.9012974433177305
-7.981689753346038 5.567866994860885
-9.109645889264371 5.318911602820501
-1.7859684056704048 4.319644206476286
-9.694919956099996 5.928275371356186
-0.9723883037591536 4.84147135220957
-10.375916804816342 6.597281163501783
-7.12754493606127 5.908064962336812
-1.9943194152106782 5.257202737849855
-9.799276922775045 5.877931933959823
-9.085065031389325 5.5451214519509495
-7.622539383586682 4.585808154400771
-0.9960019121618682 5.654928747390079
-8.063333603702592 5.437331044813846
-9.011399776366183 5.9094909349201945
-7.391427452797641 4.790978163273133
-2.4754550885900533 4.143660181252706
-1.5594707137162214 4.927697037063876
-2.654662105984512 5.2303786797898875
-9.25209343813215 4.192811201224416
-8.151043646926837 5.830796641723528
-0.9566222046002272 4.130459543668758
-9.439324750273325 5.613399180415964
-3.146645015575924 2.808733906615566
-9.160843455911126 4.250063384642366
-8.497765585358783 6.41739361571015
-7.4522111958997925 4.502397382400463
1.0941064286483146 4.832381434763442
-2.293462090377881 5.694168960524507
-0.19706133793395653 3.921390897887645
-1.0561639751595522 6.294493152913158
-0.3315703352272191 3.403295298490389
-1.729233058230049 3.7522350473691484
-0.8420562910940352 4.428032341282578
-1.4536705610574696 2.7039462938975056
-1.7809108514069933 4.2483720723894205
0.1265638114962504 4.219347107340267
-5.5444597188018525 6.735269299525286
-1.1274878459245843 4.65667912686424
-10.088048114351087 5.382344650656837
-0.5757404955222054 3.5413916921546162
-1.1342338922924722 3.698713031310529
-9.287858644624555 6.08972043830691
-0.27906326437403184 4.568125374067273
-2.1742662454122677 4.120216193488908
-0.9513583307409157 5.90729590490953
-1.244650325106937 2.568625272150774
-1.2115395872880923 4.07910906202908
-1.6392830625119643 5.18005274620057
-1.1779670282963366 4.311061177939406
-8.606491150522434 6.229949437677283
-9.676741387563785 5.565658895645437
-8.538838290498541 4.411519103139248
-7.987499015279154 5.028903574283796
-2.4973514158503476 6.30528797898051
-0.995200109572757 4.333758845311388
-1.4286912975979984 3.9557910111021624
-8.04879651820952 4.52592578929824
-1.885720231820715 4.849699061436386
-9.878628173908158 4.698795991147551
-2.1199896597484784 2.695584467613502
-1.438827895008372 4.8725783735759665
-8.700727400867756 5.289960594438776
-0.5130436111395865 4.5381054647225465
-8.759237716225666 7.256800628074689
-0.5754174453181488 4.756809514188317
-7.782664077382805 5.7348697566844695
-1.0384978646312066 3.9993402719350635
-8.989876712662882 5.907536697495252
-1.9775909622813408 4.607817393096201
0.46720074481738383 4.433278180996579
-8.179025039384463 6.439503171621679
-8.775782098060807 6.214875180236977
-8.515679040728152 6.093016521221878
-1.0278811106613306 5.763014401275437
-1.2859628207811615 4.518832699964584
-7.4605126911217425 5.047846986328298
-0.796839163693788 5.310167484527245
-8.523506475280485 6.31693260498213
-9.08879441614938 4.73340094717058
-4.76617802191552 3.006651092428738
-8.533835655539537 6.386061186415365
-8.05888449296088 4.025720115846276
-2.1473359089491852 3.3223196581655405
0.42188517277878934 4.47965475596585
-8.174795706740692 6.1509734728321215
-0.8412219162677086 4.522556690366766
-0.7732899445546388 3.950971076047544
-1.406375901756674 4.92826704287705
-9.040851365527129 4.644006093825947
-9.403158027627095 6.010172675918271
-9.337927316695335 4.983896681322036
-0.8216627853157709 5.895259072365327
-0.284024809422336 4.178700069868268
-8.07694695966326 5.425335264633386
-2.513716924509093 4.6936163224174265
0.1566431042901053 3.3202496121823994
-7.919253900628968 5.722256750089331
-8.32496986513283 4.103264134704913
-7.661212979807812 6.074643571173549
-10.031536848348303 7.07528281126983
-3.285196853536031 2.9835435125181426
-6.854610985711412 7.1604823560862245
-2.24647595394831 4.756594757275772
-0.8470724602275177 2.1907942233247453
-8.474255757614914 4.61755677897177
-7.965696626481925 6.5808866712033804
-7.130839976031223 3.639011903129039
-9.128626079600823 4.8117703216136825
-6.329915143627959 4.599467463641467
-7.249177099421048 7.762647908147053
-8.574942150777447 4.573301205208556
-2.7726533595235536 5.740026470682816
-8.133082776910873 3.4760800548914905
-8.605888313257596 4.85601960830258
0.25563209912228957 5.3941996519655255
-8.024631430274189 6.655733371451431
0.7404920786633815 2.660133361027782
-9.112898681066525 5.796527568050365
-2.711131371931308 2.8564245122682212
-3.2338889534012747 3.5379699217833487
-9.196282454261418 4.300398762536091
-8.886539147059782 4.770097728698076
-1.1498681443361023 3.894248508285477
-1.0063218187250385 3.8614742961931463
-0.8802272983891049 2.894129987339006
-2.6554439183680723 4.914142396015475
-10.21328156297249 4.2482359783538755
-0.6255726560129248 4.469419496578903
-9.620605009509097 6.61539873005713
-0.9570342445847507 4.219503548215623
-9.202967901107538 5.704985057421809
-8.433063195471606 5.12194029519159
-2.8867483159276097 3.031091279538807
-7.465815053565448 5.261412410755435
0.12288196195232004 2.9345565117693218
-1.3072653382545494 5.044524381228712
-6.350360603736689 5.758613792860926
-1.7942447844474922 4.624320377279217
-8.133043488867012 6.084124111142928
0.09721984117208637 4.663064513071323
-1.6593154845039897 4.746694951646827
-2.136766017167217 5.4116801704278075
-8.311908925029206 5.683357325273426
-8.25941846583618 5.032265101809764
-8.369087053490123 5.220523346564541
-1.454880853374736 6.88786792764426
-8.621704360206952 5.533877674641956
-8.657954037867253 6.526507122173001
-2.321631038145937 3.4297217114530283
-7.40214985174168 6.5024944628363155
-3.055853965689396 3.9353960629189073
-8.603222512693161 6.164986492996989
-0.036029437495126215 1.8044453054940193
-9.338324204106602 5.9727461945398685
-0.20607065717594875 3.807466784586504
-7.748852239316391 6.674138305108747
0.054331772501116316 5.441966193036407
-2.3348369593350378 3.804309519948581
-0.7451541177253904 4.5017501442036885
-9.243097621556847 5.624863593130383
-8.077293421273902 7.075135445819322
-1.660649474160709 4.305363843288369
-0.8536943389353989 3.018548980626833
-3.289963332083687 4.352673204273433
-1.5799100211676282 4.273435282480569
-0.6913698202861521 4.982224114532379
-9.667426134779038 4.5483590337269195
-0.05760240389014659 5.118505725713041
0.7309000911054557 1.7864631786878689
-7.211445979296643 5.505004502062054
1.5720372041241082 3.4937540279747537
-0.816306251610573 4.906876215963186
-1.2449777662015225 2.785084747842827
-0.5462023022713058 4.184977246811864
-8.841231574167704 6.04852682344136
-8.338126749541765 6.4565757188892565
-7.550552564151089 3.6816382145647717
-8.316976484090956 5.776625504872967
-1.2823474004403046 4.176302230058171
-1.7895173730704292 5.61640919497413
-7.307255056638809 5.628985489977296
-8.844949063723242 6.3629164320116764
-0.8511114570970519 4.428637592119056
-7.854447105790185 6.490635250212997
-8.835502525185822 6.38688041891929
-2.283563399778408 5.31492239160545
-1.8974942184009655 4.179451677584116
-11.465230232950374 5.36110850808658
-9.43830337225821 4.17161037964169
-0.8476438847841514 5.0355673749859715
-1.7835848897885123 3.311309957481252
-10.343114451523368 3.8175607936679654
-1.8820218203903603 4.1619979119371235
-7.865867334532506 4.945469428537459
-0.8526029677459143 4.28234108622508
-8.002056453394074 4.4968762180772215
-6.707673334591522 5.268962092889228
-1.5519590449738438 6.164488551873866
-9.004687964445495 4.476413456596713
-7.27698823372938 6.761596199315923
-0.7699404177002132 4.317385406923954
-0.9717689325140211 5.343120663240443
-9.114809770060655 6.280235664893945
-9.328741316216673 5.153816714025091
-2.915180900582001 4.595811032391948
-8.31794885172542 7.065203840955711
-8.736161194876324 4.316617924871782
0.242333458448869 4.7556554955450805
0.06444455720018549 2.9548918173998926
0.33335032157023825 4.572815452819086
-1.052008715137439 6.2952937122105626
-8.735006845999203 4.522388905433181
-9.513965276306052 5.621153812221479
-7.836721379708416 5.728998822064546
-8.351437155330267 5.079797545067254
-8.180475641655402 4.677055570280001
-1.4853334262293447 2.5650459343749183
-0.6204824671829898 5.486677515225261
-10.328517082311494 7.668463412791481
-9.148126627086167 4.4235000890537535
-8.43541629158566 6.08819798193422
-0.6926610053732114 6.018120929438014
-1.1925869369032944 5.437141920522494
-0.37021184069762025 5.058412703365033
-8.519456657495738 6.108826478858999
-7.969848754700118 3.983767150816031
-7.4561762068573625 6.198874360721843
-8.674553464796086 5.165731496542071
-2.6244470408327985 4.906897201605776
-8.591344684301552 6.009693264927634
-6.5695278381788835 5.318268780321037
-1.7891861842349188 5.2025707448968035
-8.988796360454597 4.10377195426077
-0.7737258211404906 2.725436247114774
-0.7722025447778418 4.7066731941342
-1.0789552643782512 4.27823083483765
-8.773545449848683 6.895261037528966
-1.7166644820399248 4.018005628570957
-1.1865900199895936 4.230619527807971
-7.469440639806392 4.782826878369409
-2.203037831423225 5.385434841212912
0.18493327113679126 4.107607509050598
-7.617615504426706 5.59776266619904
-0.5576392565338283 2.343649769741623
-6.571906068121024 2.774545278440904
-8.79724583616486 5.752720831229858
0.04301691350371306 3.0152613855692616
-8.440564331734247 6.614663072486987
-1.3877178346024215 5.268832198942567
-0.15333950289036524 4.880741641851257
-1.7495137771547908 4.441162412251792
-0.39487098440513324 5.8236892755354255
-8.89168734055843 8.070727677914427
-0.2957970929417003 3.8470668765882685
-1.3035352274267007 3.6855834101399414
-7.171917377729024 7.27552348398328
-7.8233348552082465 5.923211816289685
-2.815171303559491 4.266445917059494
0.16375348708118453 3.4262591090925723
-8.69954055360871 6.557546664375405
-8.205285722405325 4.043691155721978
-8.560065762862227 5.211444836148511
-1.7637423167730941 2.8218255566303294
-8.37754819943311 5.132840512774971
-0.4332748496290061 3.4252932713776345
-0.324625738272844 3.789512817138543
-8.199374288760893 4.071851312932453
-1.3597717417407775 3.2170890319187997
-6.9161710726052785 6.222531692680272
-2.016613870069216 5.428913845585585
-7.79060549279866 5.178440913211997
-1.434656909099241 3.8268001280371693
-8.052787247568164 4.607113586396314
0.5133487767091816 4.130842364435058
-1.3876806986245147 4.09050221740454
-9.417151395367698 6.221058335068796
-8.784633171297868 4.24543169018561
-1.848678044192039 5.469579373238831
-0.36289938185065396 5.470962691578624
-1.3212654181707608 2.9017765178012236
-1.2069807265965744 4.081964421796419
-9.081655063991239 5.738833689468691
-8.009263683439519 3.860741568204195
-7.304762587639422 4.738744695457843
-8.947732524346772 4.273208237054076
-9.353320609259475 4.468623609067091
-2.423826408021581 3.05749012322731
-9.204834082250214 4.798160398353712
-7.135206216304308 5.37349532149585
-8.117018379486481 6.0609713402429
-1.2012237698477093 3.215103093399307
-8.732150545758467 6.736354904896356
-9.804284573012797 6.672760124718247
-4.9737651204648685 4.824346618879791
-7.917088053459613 5.389826386534839
-0.9566499705034686 4.029544457882095
-0.16016018980562952 2.5312572249557967
0.2709083323101886 3.667303410951223
-8.413136177777682 6.852125119980805
0.0623751182504777 3.139616932375173
-1.2077202020950577 5.081165508411728
-7.352277315195142 4.920516489983143
-9.248395302414597 4.7816777709852
-7.998374657706241 5.025101593252773
0.10892127569659205 5.70207799073185
-2.7493186660693976 5.546004470875076
-2.550359732747637 4.509017880221875
-10.103024284916131 5.728288518168515
-7.957480147411424 3.9571060839412375
-0.23356686286044448 5.582073798294337
-9.908797678556411 6.099999967983334
-0.7384079795940265 4.449928713642459
-2.374937647208918 2.5856192214974403
-0.5535524713413991 4.12519822557567
-1.0155569332302867 5.908052991067885
-1.7666743768838908 4.937082491956824
-1.8774908974682423 2.850106121270928
-8.393209386445893 5.118322839843437
-7.867107853438148 5.179079541501143
0.02260775705652751 3.8598168019264767
-9.13628917016596 6.173996396123544
-0.22772206602187062 5.3649912098098325
-2.919759278916977 3.408420309729317
-2.0523603532081185 4.779957335422696
-7.9959085168616495 5.2847413061677475
-2.1022745777512672 5.251440087606093
-9.901008972818017 6.322249080001758
-0.8746652353701426 5.586064452936437
-8.21840619007228 5.747671294287362
-0.7142152075929499 3.6823456524969362
-7.123929729601412 3.9856109304598224
-8.333268755309257 5.429333786812574
-0.4787365040332213 3.665528012465943
-7.994048865009696 4.792224891266024
-7.395059518547259 5.80196859178695
-1.0487211858906649 6.14041077224783
-1.7276925073692622 5.04883589398407
-1.05375920980938 4.574914202282066
-2.2132246066255012 4.715450359140249
-0.2875015399103812 4.328187043542846
-2.3056801245062624 5.463162225554819
-10.079761286919092 4.406274299944183
-1.4316929165636596 5.697635645014859
-1.380199559330028 4.983229048644393
-0.1489311920223202 4.566372572765341
-9.708199132844651 5.282947873512292
-7.406121534769105 6.660986015965819
-9.944019587167448 4.806925860023622
-2.6379086129698557 4.059672363160486
-0.21572492724551728 4.139442159434977
-2.53197701184155 4.490803257889228
-8.803536957212835 5.091001875963368
-0.7899790118607646 5.214023832449561
-0.6561916106715333 6.02293361072575
-1.523714973005535 5.584381318098341
-9.23606298958387 6.289732345085314
-1.8612114734949008 3.1806317190448956
-8.734098135197732 5.829835633194796
-8.562355936296584 5.820846376938178
-8.635786945032548 3.8011284736822137
0.07295969499832688 3.749387919980803
-0.3709587622885908 4.555354003285595
-2.1016358032290174 5.194584469276183
-8.397000413571966 4.512492388423004
-10.232734731734814 5.224475899175605
-8.644592668774736 5.944610785574141
-8.549393950854611 6.107319056247243
-0.09995020855025682 5.3521180800696815
-2.267066369269913 5.0483935397452315
-0.5805898530121505 4.603442258750416
-1.359439068923185 5.242974390103709
-1.6621250791932956 3.540990851496294
-0.24537057558749864 4.979531309670204
-1.0218570926272144 4.01494635978749
-2.6947198416802256 4.424157024632256
-10.503700006276619 6.11486795383632
-9.815199839593337 6.484096651468764
-0.11391561684280305 5.450906551690691
0.4138892413768376 3.872022812291565
-6.8787401030292115 5.836232234543405
-1.431284320670178 5.173691410842372
-8.617718519936673 6.329085980671318
-8.815862890050878 4.280632688513849
-2.0902723010769746 3.7821695849917853
-6.613778540293711 4.101102202445698
-6.281255567147778 6.4914558967853715
-9.190762233337871 5.866063691532273
-8.027333695901037 5.8006641092049485
-8.441014048842272 6.005892127798801
-0.3033370198860754 3.6606209760917614
-7.630167773288384 6.5901294066590355
-1.4261771996693229 4.907035040878441
-9.144358462539145 6.693777814306249
-8.626113280416202 7.233126075024551
-1.7788773201748822 3.5195890446314326
-1.3828109415289065 4.472370275094508
-0.3335294984647649 5.938658059189101
-7.51515980628656 4.6259536443080425
-10.334293069237587 5.103048614159055
-2.1110756735841365 4.720889919647887
-8.782617734218642 5.369452823486156
-1.6026725746937287 6.019734533745231
-10.801718008750093 5.912034901849762
-1.1026639057870258 2.4545835092915835
0.14155474988947048 4.16773204258696
-1.1562812458610825 3.2235984493535854
-7.75318750318976 7.184489091611994
-1.5815849463316454 4.350480619452905
-1.2230078666101718 5.292040889678831
-8.564815478553625 6.552491052524358
-9.350156641033657 3.8190671306131367
-9.099527562304756 6.615791369667372
-7.534982443562184 5.745441707903885
-6.9921007030528335 5.484118415207352
-8.760809945541405 6.426833945149876
-8.21042214921566 5.493596961349666
-9.589634417610469 6.181342707530097
-8.768526108807011 7.0023753576773755
-9.499911775233102 5.27674099277894
-1.0418716205301806 5.08791279681307
-1.882366326169191 7.034143197013635
-6.286227266094528 6.101162736200629
-7.069553574183413 5.155232242591596
-8.204422582012969 5.07377122540144
0.9764522507482929 3.4066545040963456
-1.5082712185528953 6.569693711313355
-2.9298313244334357 2.6465521827005922
-8.168696916751593 5.194480396262184
-0.32401252830659943 5.83938118657448
-2.25768919316352 4.506097538612326
-1.7624703012450624 4.233060926576159
-1.4257818206388766 4.502722059099538
-0.49062408933625223 4.716279857004386
-1.7478660240802006 3.2417650960937343
-9.423832723472184 6.0312951602722435
-0.8816793446959525 5.138524260663887
-0.8269110475193231 6.135389491167739
-7.287801916334526 4.336707425443414
-9.756444826912471 7.2746834390927
-0.32151477450180344 4.01669783449207
-0.3964128932288501 4.066334521982642
-9.8611773590625 3.741473575723391
-8.958516545096016 6.2496739689380085
-8.208567806234424 6.250363120716787
-1.6567394540255114 5.298069995435964
-2.3075755784987715 4.665145849996696
-7.698610490018273 4.825300889175989
-0.6366750132455172 5.628831575655319
-3.5369093013318214 6.372321062802321
-10.743338573969496 4.981450591594334
-8.200395394589831 4.849310108856767
-0.3732912229554095 3.6632564896390676
-9.700751885912402 5.869580411004082
-2.4926753272539415 4.796820159043077
-7.791060688625375 5.804453934570556
-9.948053616256681 3.89531187503335
0.13642518563745942 4.342937377592382
-0.774389228083385 4.642273986432376
-1.0307383329416493 4.295752822096252
-4.2822726632982455 4.770041103695614
-1.7945259477922417 5.832704129238279
-1.6176044321365641 4.66960761655025
-0.3555295823371458 3.7018524606007763
-0.04689928654409159 4.110088464688744
-9.608156250421212 4.544531699688193
-7.588946259013081 4.6892575979729445
-2.031258412890649 4.314464480107453
-9.270771285771183 6.119532160384222
-9.966324509919591 4.708208205968634
-0.355363542517829 4.0219672742404535
-9.738213352586541 8.193021257597845
-7.8302220977992105 6.282690821276851
-8.168987563359373 7.479310611937979
-10.479550968815376 6.322828304511454
-9.160811830708624 3.8581156815687785
-8.024206400645564 6.178033166065773
-7.857711841914169 4.777403439645876
-9.477812204579555 7.077048520584921
-2.686625263207948 4.314550833378438
-1.9339152618453483 4.660098999219609
-1.6114086251003077 3.865379249948554
-1.243177417407821 3.5233077378596107
-0.4054864065175642 2.974466158559408
-7.330020734975161 3.901388843778674
-7.941397653433762 5.683951925749976
-0.31393203641530887 4.330292923247278
-9.603739880946993 6.213824754102642
-2.503168772944611 6.605246328791376
-8.711054358924523 5.954241062192241
-8.860974155807245 7.627448065563405
-9.62983025932978 7.097581508149097
-0.6546456151835716 4.972545249633582
-9.034228971872727 6.295114958075016
-0.9401369897648193 4.919372336814013
-9.078728972217526 3.536692108794526
-0.013842521978520761 4.4066916253537025
-8.051837971684696 7.695501853478694
-3.4728736887204503 4.953496365784991
-7.926190608206426 5.886536277025403
0.24150806048687357 4.191020553113333
-0.0966186462912555 4.658115306896427
-0.3713959693162454 5.086518623743871
-0.7738550898728489 3.4966537191649403
-9.22557636844528 4.448990997909184
0.8053263899744914 3.831722573927422
-9.587946228531477 6.502092880456749
-7.59536672421869 3.98788563047862
-0.9302539984450579 4.517448206554251
-8.859326213162904 5.543227777489023
-2.3984163785037502 4.077734986506133
-1.39861868676745 4.560966910032669
-8.363170045660278 5.255284673457251
-0.089944963033874 5.1387167098858955
-8.716583291193404 4.145134432311503
-6.85403067934729 5.950856976046032
-2.6854083020799546 2.4442994406878737
-7.417885913356318 6.164258333429698
-7.943939721013713 5.854080478824293
-0.9230478076843815 4.161752358903136
-9.289287630297956 5.359091000628731
-0.5434797139993925 4.130991965466127
-2.0326160138680547 3.5984713178220984
-9.121939505413216 7.3459530841509375
-1.8679802003917336 5.857364741102304
-2.245815740155426 4.834340888794737
-9.201254565989737 5.461480865999717
-7.893118811593015 5.613739335606193
-7.567428264496852 4.102204433348555
-2.2901051116865956 7.225542134345629
-0.3618345622967891 5.764080946228341
-6.1100415573006 7.871620829572794
-8.096012072198912 4.207464087028814
-1.2578237436825506 3.488558438007682
-8.35183558928706 7.377402076026729
-8.870487631459214 5.65321403844289
-1.1298004185326942 4.382345546871453
-8.029287676067188 5.417327467392599
-9.159869081595057 5.2080597396657975
-8.64828605407765 5.165866198477874
-2.3568042627164623 5.772855923735247
-5.963022829417097 6.073497024940301
-8.80321103769738 3.9632388764944038
-1.9851474386958787 4.794590644327456
-8.766773030870963 6.332382207611199
-8.981141502105077 5.467136024138008
-2.4579432567219355 5.590220846230742
-0.7423412794795216 3.754918245024133
-8.394694277249474 6.894951906193502
-8.799028488887446 3.8232742300807585
-2.979423106856789 2.9167479493887205
-1.0550763649660897 4.1180980662719415
-8.730754763983153 5.387896916310622
-8.047099842317099 4.566736529213368
-9.00084702958624 3.1979163681545293
-9.156206563151432 5.220956808026198
-6.9491660835131075 3.7220492487718007
-1.1444435126852797 3.4905116897630624
-1.4198018266517933 4.088911174769642
-0.9048259207877258 3.8247628748271727
-10.472831722129644 4.043656557778259
-7.666212676712751 5.728604058771064
-1.5655140106302368 4.9146563447763105
-9.905538327140146 6.032285291141673
-8.795699817143714 7.449039204668451
-9.597566638974929 5.008613378720029
-1.0259748092932206 2.6904360324413448
0.10065914606320936 6.543503689966031
-7.267552018405009 6.57893282964026
-7.595698210615032 5.230463580864065
-8.697843371900548 6.617151605453631
-8.744525012732844 5.060567043041939
-2.0460799947873003 3.256185056312689
-1.3882735838088973 5.157266340582496
-7.660238663726937 5.467729797478609
-7.574905238336974 4.316845299692494
-7.703871089230296 7.482049946310699
-9.309686682443012 7.063245203282756
-9.986231543975045 6.035847690100284
-0.23724513888111332 3.8695213826119534
-0.25777908060891774 3.6602203937492828
-7.881154500817298 7.950243145312115
-8.693309642370098 6.536305100247166
-0.20232651946706293 4.228397962554964
-9.042290067315621 5.1725814423071625
-8.992967214634598 6.0476632866244575
-1.1062252811453388 3.7705690898234545
-9.276438833265624 5.905240500438956
-7.968534838324104 5.3370194296106455
-1.009681495388889 4.700603865311778
-7.218473652572287 4.552302912056325
-7.9994657288331545 6.414919662266188
0.11436449274462479 5.624192977223645
-1.361097344293234 4.27355165192638
-1.40260759347271 4.457766875346498
-6.933177292489466 3.2548169133504783
-8.440190898194167 7.216945064318354
-2.684847363828677 5.813866880489658
0.10999911987817534 5.09794297282302
-9.20140893469438 5.825183293653287
-7.841865248961004 5.276326128915425
-8.883225839240328 6.924122765903215
-0.39737029650782496 3.8925215630276813
-7.881604250989626 6.73462874690729
-8.720749869307232 6.544460550026134
-7.541084519402465 5.45010882086108
-1.3577597649562914 4.67624846430318
-9.720624324563621 5.105104762718151
-7.253874059955157 4.77752218187784
-2.5788703601048715 5.785062419699191
-10.29544663401266 4.65608339258181
1.3176363598154808 4.5805207475392
-0.7043111272478301 3.3092738238528048
-8.534809716249912 4.843875563070777
-2.333313179138238 6.200182695975012
-1.2893239717243394 6.4955794042646815
-1.6041139765508066 3.9337459926225766
-1.5904806579682074 3.710374315608192
-0.6794070668938403 6.347309064076084
-6.945649596130923 5.17587931504124
-0.21717055931366125 4.993194702134379
-2.0443814284327932 5.163822054049142
-8.435291817453805 7.6087779152589725
-8.119862276108897 6.6319638728605526
-8.682018850555677 6.6294112729367125
-8.021810105460423 5.5391693385191445
0.947913531374875 5.485883938096937
-0.731069763075986 5.561792737390645
-1.6097152952320934 4.432243744237734
-0.2486057298782457 5.151086173384734
-7.869202928637389 6.534387545033404
-8.774027949321018 4.418393751344087
-2.186546201683502 4.820812167964125
-7.697759981974517 6.281944344796883
-1.618097295018409 5.7758687490000975
-1.381554158224777 5.256012152598772
-0.8213978356991614 5.100817891503497
-9.043589036806745 4.205918461675145
-0.21420951806568134 4.924005563930791
-8.206004733675035 3.951285500301706
-1.552784317790931 3.0672374169909755
-1.3410230098669094 5.190113842745791
-0.2288531188996905 5.105915138404584
-0.3520042269060989 4.989294833305007
-0.8063769208525311 4.82724221817544
-7.976782503246701 5.974868776596059
-7.75810590930472 6.253005128247347
-9.20386006472611 5.484900996697167
-7.347047249579243 7.02064263722094
-1.154113547079271 4.340950422976457
-7.500741061740653 5.695395410358557
0.15076734828214944 4.082526330843743
-8.878271881733705 6.126995530017302
-8.796905706469515 5.472858574509062
-7.203220557729026 4.814022925085343
-10.221437052392911 5.638676129692128
-0.9115294824114948 4.233686408448057
-8.31447670004206 6.386174636443027
-2.237305746191437 2.202863124521601
-7.974331464029925 4.874491158206629
-8.58671111166962 4.672631303534999
-1.6945219505193043 4.87546812352605
-0.7787411165741527 5.459979166521244
-0.898670845710734 5.393372992836516
-0.07900845563991066 5.135403160538236
-1.372533851819698 4.411502878588343
-8.86422069388242 4.752453207674485
-2.4374936669132925 2.0180047835763295
-8.793791557387301 4.277144588347558
-6.95768816438643 5.488355089806125
-8.414548103393194 5.294708065011186
-2.3538947003536816 3.4651095514574273
-8.481031420918008 5.257532764629563
-7.4780580764122435 5.126017707349336
-7.2093912119155785 5.8999205878696594
-0.0683529924351236 4.898785396095818
-8.285183986545011 6.891812648887753
-8.581501285994184 4.196951175074916
-0.4876298348551589 5.420639414383476
-9.088892756723073 6.363071949846761
-1.0272679989422362 2.866464139804493
-1.8940959372330393 5.408463321068664
-3.5829392761584224 2.7905706291263264
-8.592140714439866 5.057355649386351
-8.757249055127925 6.058390025579449
-9.352307680840974 5.613408371198387
-1.0649908236481445 2.7040112688645435
-0.9356062280744961 5.7839357609774655
-7.404490933312919 5.6610699845783765
-8.12526925691722 4.176507520614007
-8.058331598222846 4.674831188089075
-0.4420200261612257 4.285048760325887
-0.663306584495811 4.705882283615193
-8.794112391144742 5.326718634469186
-8.537253619002056 4.280444119848067
-0.12628305741532375 3.1010096756917123
-0.7083013425343445 3.465212617728981
-0.5636612433128811 3.934612325014306
-2.696084935398185 4.161247533355089
-9.014348575283156 5.147051428697567
-0.8494654533724091 5.057187868788499
-0.7851110476231091 5.193457026049551
-9.010315519910899 6.300896875863069
-2.242415776179339 4.43241900738887
-8.04823332645411 4.5024933131003095
0.7265664344152984 4.083830502698057
-0.3304530349392285 4.088043856460462
-7.904781070565646 3.656395764007173
-1.8951428846701717 3.1566920408112407
-2.310161501002148 3.8701784968003667
-7.711015220608935 7.190067676931082
-2.4988699288801683 4.478552498429808
-8.16088862749774 6.692633723673293
-9.246808513656703 6.04022951622326
0.5335470106120825 5.668306626108786
-0.7980594245459947 3.247713500349037
-0.32504970013312096 5.351569052865367
0.30064530926160393 3.0698189884911544
-8.651117079845504 5.761600882889965
-8.592790084632043 5.100151765738728
-0.5126466465591056 3.406984311915691
-9.037127071242198 3.384706083153875
-8.162823422886936 5.671519438615228
-0.6683545314850876 5.252550312215316
-9.77266409647925 5.895320554175816
-0.9336046390018433 4.721668310721362
-9.01167990662541 6.307238093484435
-9.401649922653728 5.27697423937798
-7.829550625771461 6.105028657886477
-6.718630181140433 7.292874544792543
-1.9575406169313863 5.06907286393774
-8.807816515302845 4.117971882131128
-0.8548077882101475 4.179019472611581
-6.8744150810315485 5.317306147386641
0.1900965492003197 4.694472159913407
-0.43097918389907475 3.616725660550406
-0.3218209737314883 5.0548749560105595
-1.16162860504782 4.171686031600509
-7.599589738289577 4.355643802745691
-8.09772030499539 5.410397477812427
-1.095704831064328 6.875424241848048
-8.7988009757769 4.893011295246698
-1.5388492635430608 4.57018921324166
0.485164763076096 4.703346204510896
-9.41170179154705 6.321337675133542
-2.1521799145211578 4.682475612212298
-9.755792394827713 3.7571537149072918
-0.40854550703653714 5.617091939117929
-2.2453519153500276 5.472001155088443
-7.468171219065452 5.075957545455925
-1.7597945503837789 4.920791568700617
-6.1157883563040745 5.708012611024026
-1.220523882830467 5.92135973774746
-2.037824288090594 4.33642492377546
-7.244549939951174 5.3561214946820215
-0.11275703074995036 3.1790622604298404
-9.915377929159321 4.254747279911826
-1.6699307513852748 5.8129379799108625
-9.191066104128538 3.446780049144456
0.7525498577853635 5.457316749050106
-8.490663757825919 4.408625840143721
-8.84850678760842 6.246263739806682
-8.42040957062146 4.748141897512411
-7.055257024747697 5.410120714092023
-9.500041878641007 4.715148460917178
-2.9855913739180573 3.717599669225117
-2.361145118382993 6.250389747876837
-9.244065185680551 4.224887100383254
-0.2643197592119636 5.481990081707826
-2.4041853574536174 4.986888673318858
-8.713987610325633 6.30656587944367
-2.665874725733154 4.452646471492626
-0.6443193372369063 4.3024813876777195
-8.669861524828821 5.007606025939157
-9.190972308891876 6.510638745654768
-8.687605163171177 4.932621639267066
-9.060104538295882 5.631404585298832
-1.62944099485337 1.0536419912797617
-1.9055440115329172 5.051255319460025
-0.35572677739775416 2.945549879228415
-8.743462014514906 4.970317058731099
-8.02140686455023 5.8935584387912465
-8.692271955185506 5.790831496509215
-1.2939421490080085 3.9061441849023826
-2.2695126183675853 4.255150778943577
-8.275560306071052 6.3839973928418114
-9.102355914622139 4.920936606924092
-1.6150999829782156 4.968227853841402
-1.470834830609799 4.9992101502941475
-1.7581290921038912 3.5184817138817266
0.12721833779430813 4.7639138836652215
-6.576996632453043 6.4970849944463405
-8.801968800669027 4.386956751509102
-2.488944936826419 5.370911733797987
0.4876123556583485 6.290944723205396
-8.844719989699707 5.76018714991098
-1.3787389029931385 4.949530400231858
-1.3243171733272099 4.272750591945237
-7.651187040914437 4.110344806595035
-7.495757682951473 5.634246576408814
-1.641931133453863 4.837687902730669
-1.542015536833088 5.328789313666044
-6.971263886671633 4.211670659567862
-7.257386389343316 6.582473499971584
-8.441404761269169 6.052946183508241
-1.186430681368843 4.793399709722331
-0.29864178420067644 5.959389794217326
-9.518998241916123 4.3001671341238525
-1.9539129181755501 3.7173382181872014
-1.002978805113443 2.192584302552352
-1.1330908635265802 2.66670972177656
-2.3316060773398046 5.099989200136601
-10.051701201859611 4.834330409605309
-6.13984256399228 5.805713988861996
-0.7519204642288894 4.260623739477431
-0.745299996675632 3.9767286269923683
-0.28631245585553167 6.492448034528184
-1.1099068711915119 5.425318427236797
-1.6018882392014377 3.8863337753695357
-1.8261044374213327 3.4839188472918643
-7.73745624587239 4.425459280522123
-0.5172600447800536 3.1255139134898933
-7.914889846775959 6.269376900223808
-8.673988475347572 4.812664560352604
-7.812679998120282 6.878021279145518
-8.667725923090707 4.532082461936534
-8.744577466767606 3.5609268022539178
-1.1403770277316239 4.775695412828715
-8.900678303233896 6.3839278263404005
-7.450405936178196 5.638907010279568
-1.4063046085823387 4.087155251323969
-1.1324223965341695 3.8428850011745785
-0.5102728728775592 3.5092786251569814
-9.451633191726316 5.632389214044438
-1.8516540356270024 4.027584018879258
-7.1498581641286005 5.110556517800211
-1.2066098857567267 4.880668569031381
-2.5129729963638754 4.171222963125661
-1.8237614222586394 2.056188756811042
-9.004235476325832 5.179069494240123
-10.124909801926695 6.133805201128384
-0.8621036547212803 3.5750038066561127
-1.2071638617314215 4.521481941013603
-7.767280734997145 4.991694064583441
-1.7653643931399543 5.208389185249519
-1.0198904653371295 3.461694515863342
-0.6130175814593377 4.830476229865862
-7.789786163381493 5.446315584984802
-7.470279141341311 6.156531847758108
-0.5358283164091144 5.173393022891617
-0.9001065529699175 5.51273937346269
-8.363127725332717 4.504650304059335
-0.9993910702321567 5.80513384449354
-0.23857995807496757 4.103991127684418
-9.942242634616422 5.585252101408002
-10.921753582138047 5.220245085310754
-9.099263186487615 5.426827583606571
-1.9069024614511978 4.605046321110978
-0.4482064757461697 4.64803583628921
-3.460426174437506 4.76901201480368
-3.1927792604593828 4.2713431735208625
-1.58838533399704 3.1866520913279572
-1.2381168647736613 3.7976248297815887
-8.173153797497948 6.817694728770922
-8.75062539472178 6.859950427396514
-2.164539053429677 3.8672853680018826
-8.605244262133475 6.4472924818295745
-9.717351726376872 5.083448622098582
0.6411491474072624 4.838452519825301
-0.745191317033443 6.0881969704047485
-8.37839614204359 5.054224006205204
-9.663161954768707 5.086096870958485
-0.8503939030385219 4.338332703463229
-9.19908116325032 5.0261846121297244
-7.8274629288563125 5.619842235538491
-8.532591530116388 4.384922729818872
-9.225966586803176 5.90854109447871
-9.137751983795157 5.637036196994316
-8.84514637512959 4.984852260845848
-0.6541709518824957 5.115938295574488
-0.7593409159525868 5.832349927744643
-6.636039820322731 5.606801444768825
-1.441822088008509 5.510957468772578
-1.4496708361296364 4.535481936826293
-0.48961251703854913 3.783957246420593
-3.004372458270909 4.823242621788968
-0.14194836298995095 4.143356594861435
-1.6852269582510178 3.6368401498181813
-0.7145342005705119 3.5023581397717956
0.18779462279956216 5.531271381948365
-2.998929643113226 5.663726556362861
-9.216387737725423 6.670845976377788
-9.723547782721273 4.100787526375015
-1.3102872273963944 3.8756404333911276
-7.985551956404876 2.8368583767319024
-9.949446869841852 6.379861068535203
-10.05286049487772 6.619569161140856
-8.761818079041637 5.898184197072193
-0.3228566583877862 3.818013124656108
-1.3554936135044386 3.783119213893948
0.4559187704502323 4.824229668679522
-9.65039855494215 4.613703955704723
-1.1649731425846368 3.2942699640589694
-9.424775990852249 5.411624278943914
-6.823134521334381 5.752711380258651
-6.691204952879801 4.533992535218373
-9.302436070627035 5.643238285043486
-9.774552091389118 5.710002909813
-7.8245209996226714 4.129822743405699
-8.693523603499969 2.3428606079469336
-8.852652603700758 4.926524783656491
-8.246634535917343 6.723330427075304
-0.6915829363467092 4.21830985577011
-9.8899891164301 5.037909977432267
-8.816986249369435 6.1990068531772815
-8.999263931993776 5.882684778134424
-1.2219561761061546 3.530476997653491
-7.688977613218951 6.036689152150426
-9.610971000686055 5.281510391579617
-8.207783306750752 3.498952193691896
-1.795880037048562 4.9404716136975715
-0.24255552464731278 4.174408523674336
-3.087854567906091 5.780430652626181
-8.432044413347612 6.063426437344234
-7.328518294051223 5.251171662328271
-7.8512048681478745 5.446977413688096
-0.3631864895306992 3.1690816639248798
-8.283116702458258 5.326391794457058
-9.400018578642092 7.213779477488713
-9.067486001569408 4.396083813653059
-0.4042399284715328 3.6336184772294144
0.34151803234617306 3.603449126387636
-7.025148342349181 5.0075331668659775
-6.5796981090021776 3.889746208641631
-8.17389552152909 6.817119292735996
-8.684778063833214 3.8416667255117405
-2.580577060634658 3.9251614056826853
-7.17015181128953 5.913232573480751
-8.45934526754458 3.8047271030019143
-8.942009787288685 5.937280792537416
-1.6249256292929304 3.347802894846216
-7.013462439599622 5.660952211148973
-7.367431873521827 6.3350654326315565
-7.880706060710961 5.298547790827174
1.0931249300217734 4.703490638078193
-0.3867404275775215 5.350995318027324
-0.8498616497927493 3.9338681864865177
-7.718322974419103 5.244910835962723
-2.7667049945525983 4.145437118745559
-9.205255049766546 6.571818958909549
-9.46611390368974 7.028645607297655
-0.6463904158687683 3.5858597186231465
-8.556946518405464 5.670883528437322
-8.084067230112586 5.936521217045794
-0.8304034395573275 3.399346116831222
-7.137850343889354 3.8200668606239505
-2.518202401080339 4.770878817812907
-8.57304344281366 5.4627313062471075
-1.061907743850279 5.925574789631784
-9.335446721987994 5.903357493759963
-8.372700934050984 7.891894604684295
-9.644088368966896 6.393988333410099
-6.6519905896149885 4.053789698335477
-1.7471881896068369 4.064880397907257
-1.4538850951951514 3.789770174890225
0.07303315212477535 4.7286998240127325
-8.327255521394349 6.636977599846277
-8.01933057984567 5.479321620397521
-1.8008175911733524 3.869513327886185
-3.3483838069235805 3.3548274195975587
-10.707215036153459 6.792600403400364
-1.801841674618211 5.106133682911127
-2.048003666056132 3.258364915986691
-8.754942125334274 4.062273548589818
-9.230352025805269 5.060800406240212
-1.5202530916431518 7.178387778406437
-0.3234530828488742 4.735726818957182
-9.388952623731631 3.23533314627169
-7.452864961717383 5.102513916188155
-2.0769487768820714 6.3539685281747875
-2.799881306772471 4.286748437638015
1.0941339670880978 3.592266442419083
-8.551132118570367 4.34213731315287
-9.042554107109892 5.457525041918287
-7.742610729491696 7.074180003423185
0.7451908296040013 2.160582128025974
0.7893461471575489 5.028788476381008
-8.053033233746213 6.370353273804643
-0.7895267691186524 4.026908027939311
-2.018043317219697 4.571456460882785
-2.3492922149879214 3.212616008936238
-7.413044953662659 4.235258471145491
-0.2719313656982545 4.220155466779463
-8.582687894366854 6.122887677461535
-8.782288099957414 7.228894201085531
-8.203991994650789 5.591552582805303
-9.888192652004106 4.754179298873188
-0.37799627350876774 4.632275483682952
-8.418787478499082 5.400749964730536
-0.07816390710253684 1.804959542002413
-0.6573751145418602 4.919436641234858
-7.47647019055351 6.973739645483995
-0.4569505487438449 4.31123614605953
-1.0395399130001666 3.8567157096337166
-2.0039858228599776 5.047092139470363
-0.9580588484313888 4.765767897965087
-9.531386536673494 4.749348288168445
-7.696756202865684 6.747545489963625
-7.767776228689436 5.946251211767766
-1.0942200742640593 4.800549039582165
-2.1122009974912417 4.888368268174201
-9.678054058120589 7.060351472015817
-7.859310774274451 5.774284429324056
-8.37240022730924 5.8509535803576105
-7.873136750104092 3.9078150158710168
-0.5569172758633641 4.373761816054944
-1.2826867829712223 2.4138658414787177
-7.660484957085481 6.516733225259458
-0.9837632430881177 5.061865608894369
-1.7264555103484018 2.5013532618946663
-2.163797779863704 4.833655262997687
-7.06883000536208 7.184148732477684
-2.5058452462573895 3.750258810155401
-9.20541972486941 5.263676648668693
-8.3936688259857 5.292216046355251
-1.3451329828408278 3.5030997101752996
-10.050364760113272 4.896444124807273
-0.7554807963361121 1.7698045813845686
-3.482513164321145 5.057876674561194
-9.159084975885397 4.731019389711378
-9.49543604076935 5.789558024099115
-9.122232127494046 6.245941056110008
-8.842652680968703 3.6920059662718248
-9.337507139424233 3.8949303141381963
-7.90951944877356 5.66039450824795
-8.581821883850235 4.874510063750581
-9.351085489571107 6.256930082776176
-9.414113326759798 5.467100194709794
-7.540590555162618 6.206458747612114
-8.413488364652354 6.574158469897375
-1.5069572613019275 4.472632794736554
-0.13399167911619325 5.67250343352762
-0.9208719858862824 4.8095820487634455
-1.6707811148120582 5.637413491810107
-1.8053054053108124 3.8108307862658903
-1.963636614917566 3.3394937795491675
-7.819128508817746 6.492728149622826
-7.113691135743231 6.5667392008944265
-8.88881308163262 4.95829674475503
-1.6338649800860878 4.902514449263698
-10.779017486122063 6.501781833767728
-8.689351204196539 4.189557925166024
-0.3276088781604177 3.2503509156224144
-8.845353176532647 6.689146554995423
-8.544289337777307 6.991303161731613
-9.009902102501108 5.068901809146052
-9.59583345410923 5.890360174818907
-8.228435367849965 5.948225958470351
-8.667995527042962 4.439204970954201
-1.6586855626847719 5.3275679424040625
-8.151316455862064 4.159289273589037
-1.1601843565665046 4.903902988676727
-7.579221105067553 6.256396715838987
-7.509633728129447 5.882012268637083
-1.3637881108604433 6.02749753887131
-1.512415334946563 4.312155739377484
-7.549459880898816 6.1703640590974045
-7.939386004796859 5.232123316559238
-7.078274237597691 3.5904947506327023
-8.143571239792742 4.869360980700177
-5.94580098702052 5.682085783112033
-8.179020508675313 4.86212655399805
-7.839728833184214 7.481952276244288
-0.8676883223323635 3.6831016269917174
-10.503463926758222 3.4216336461509957
-1.4670676379183385 6.325049434295881
-1.9351121639824158 4.161323212030662
-1.119693637261304 3.2833425746527682
0.343159536020778 5.370289074323764
-5.612767021798097 4.988285798708914
-8.655989606405939 5.798284594315097
0.045912148989203594 5.342915901445302
-0.7561199764273504 2.541506685534637
-9.679678207231683 6.079731682790578
-8.68775540795879 3.420796373754508
-8.753653668319652 5.8587647103731175
-9.695825758676289 4.3364430726524885
-7.686639472277632 4.9786328696983695
-8.92651243276385 6.356425802170064
-8.341711822594227 7.06846590635052
-7.224256499086701 7.286761641353771
0.13092210254322345 3.9909787657143725
-8.250226028116106 6.482653475891505
-1.5779708823141305 4.9447603496322285
-8.61596971037995 5.155127252747933
-9.303883690591494 4.067977150922957
-2.019869504806469 5.637228331352931
-1.5010697269432716 2.6613770443227303
-1.3891229079724174 4.4741384796051635
-1.617628675298456 4.1456473790629
0.2504553979129276 4.095273529998726
-8.495358681938837 6.903210674092471
0.19580566716074466 3.538584328206974
-2.1948789042565497 5.854891271048293
-8.880113824120956 5.576490224699988
-9.219817699515799 5.695950805664292
-8.049874101214785 5.758500013850942
-0.6292166597248883 3.8741698605926627
-2.246008976059397 3.9380278254728336
-0.13896869094352016 5.088541130251148
-8.14408436439313 5.42455226178548
-8.548209179708335 6.326155002354897
-10.5264697207962 7.6621713958651405
-0.435628849786451 4.614327762562681
-1.3840151028979726 5.750328867245564
-0.8151932730781538 4.307198228331124
-0.2958359849276526 4.438829815063664
-8.42506405840522 4.565840906460902
-9.38440761052802 5.776243153186817
-2.620232733967028 4.246830568092283
-6.931351062251903 6.677921690256215
-1.467790211620426 6.373429963705948
-7.576122117266627 4.723050108437554
-9.116864979891664 5.1554691181364944
-8.74537008630703 3.58406589726994
0.5057554199802068 5.188270369629045
-3.5837511244095297 6.012871563802675
-8.747217018766635 4.774915760786099
-7.170055898556543 6.478314500292264
-11.226603478300625 5.62035109935527
-6.213887225894595 6.467415174056119
-3.483836062967543 5.714000876949459
-8.239516157290758 5.523759720866749
-8.98347888185369 6.496802291046345
-7.847205014690385 6.603724224929526
-1.158467500693132 5.720760196361342
-7.596861473953977 5.750318176577435
-0.08515391877832079 4.2325902436047915
-0.7380987684937811 5.685808579634514
-9.221223603511914 4.815792951100879
-8.22803991380764 5.660817724839978
-1.6107757623918995 3.588232331805432
-8.109705169620025 5.712409624102823
-2.4789598998668327 5.261042996960992
-6.819884678921056 6.180335141621923
-8.854029942187692 5.803047956544646
-7.3077995998679945 4.987539501110456
-1.0269493912137002 4.487842828884185
-8.469101112967005 5.2532407595524
-7.364323837755759 5.9040508458495715
-10.115267182759474 6.769376838136366
0.4982602636853115 3.5101856158899727
-8.977521397869731 5.848562012058201
-1.832482994964909 3.8834655457327942
-11.029777226846697 7.1755719131115026
-0.8725889609847552 4.948517240043008
-7.925089092742526 6.275004834358179
-7.847655741873271 5.279973744165657
-1.3102416012595548 4.631451075578386
-1.751028907214621 4.236142799668544
-2.065889627614217 3.556470602934185
-8.152288019874504 7.832284073571907
-8.292641112235703 5.831618780906152
-7.665438837521277 6.126397864674599
-8.6975160600839 5.278535937037288
-7.722166763454339 7.143413756387459
-1.1578812638603508 3.4834399598850316
-8.727611478425052 4.916832685074657
-2.596582988322333 3.9252515376713957
-1.659250324344266 4.538503435030448
-9.066623835317104 4.731656080146648
-8.208321918877278 6.045775764495824
-7.4586811607093555 4.922439477178338
-1.4000354160807256 3.0460299583817285
-7.135546368350582 6.496536139449359
-1.8843045815513517 3.9638730911927027
-1.5664799165627246 4.745828649553178
-1.0182715288065107 4.855196108844816
-7.229192439553031 6.412297280366231
0.6852697247952091 3.695018960145135
-10.214453873748944 6.093256817239856
-1.5498250911557854 6.468672063542369
-6.110454451326329 6.236212955261392
-1.2698059362824659 5.365299438186156
-0.881527222225438 4.75684447642042
-0.6688528413622684 3.799675789688091
-7.992994416601977 5.842106131801009
-8.465919208172277 4.550732151276479
-1.1746258245976484 4.937028446316332
-8.097674014118057 5.10172893162878
-0.826604817971482 3.5572909232244747
-0.08916546082236998 3.251412802517526
-7.276442251275721 5.4556347773046845
-2.4689378113227853 4.4237572756487875
-0.5618158062585257 5.672618241101316
-1.2623668563789268 2.561031362555962
-1.3683050923099234 5.0858964795140125
-0.13201889766651198 3.4401291906407305
-1.0520702070852759 3.9523557107110787
-0.8492990900906086 5.054323036358614
-0.3779297745131034 4.100481735457834
-8.96805002159996 6.988350094396963
-7.929776445671621 5.319773503839796
-7.6331009703773205 5.418389443549943
-10.08061539517677 5.432566249664609
-8.077269706777974 6.769769295012812
-2.1789737072840873 4.967211165345061
-7.478336123591811 5.095347031725803
-0.20466635924783216 5.2060083344084935
-8.277770466492983 6.785908624252394
-8.614826288723675 4.269766208042888
-9.422401828703974 5.645943447709323
-2.5971679925559883 3.869382011387983
-8.375301663840094 7.233528333752026
-9.028957241776155 6.771639489344059
-1.0500109012312957 2.061305090300049
-9.074916890837272 4.6101906265374195
-9.401450226009365 7.78589327074248
-1.8275862713114774 4.004159859222998
-1.3764836820415989 6.103270349330505
-7.037114590193015 5.5363018493904885
-3.7755152126750966 4.940294031920338
-2.4893715152704945 5.461627728774184
-9.78680688506364 5.847723201937201
-3.0720206211753354 5.165570827138535
-8.20769231275511 5.837641711522785
-9.38209006502403 4.693134276710858
-1.8366452385266423 3.959760167667551
-1.5891301272635137 3.303619715019475
-9.318576715687492 5.054653807895184
-9.525904348431219 6.077582611770189
-6.015018319919013 6.623759844795581
-2.036180266649628 4.928044122566988
-1.6369591336209708 3.1068682186899275
-8.877991350898094 6.988729712183214
-3.389199215017168 4.456035126187356
-2.4355608359633445 4.608185647805058
-9.118285530870619 5.159780821134469
-7.452518855041045 7.108738813249205
-9.358879151100597 5.31121794564833
-0.921489175392203 5.073358254688975
-7.722198661527569 4.434225070857863
-8.57344484441572 7.297913141548974
-7.638809512773415 5.589628058374713
-0.407774108151587 2.481976995316229
-7.8616910957723265 5.990660435985131
-9.158163402623483 5.388245176703069
-0.22727415678440344 4.306295663327692
-7.485266581983647 6.200670245376968
-0.5421128605826231 5.680053287722414
-1.1983272244762873 3.2089177384746104
-10.115691165885455 6.352009423874351
-9.358636741574966 6.228039415756099
-3.6920840833905983 3.797438475917547
-2.257834879641741 6.207007761523913
-2.07497793532045 4.199268192352428
-9.06158859647065 3.4760263727696015
1.488675696237319 4.822021284676516
-8.32540986659519 5.343442752527481
-6.561815350188915 5.835677691439487
-2.122766666103612 7.160538975452664
-7.743898292695505 5.653991529065516
-1.101597950789924 4.110452518634816
-0.5822111243018404 3.903565849687147
-1.3877913633960948 4.576179621659872
-2.86336495029755 3.2020293943397062
-8.906134988483394 6.619937547684789
-1.6096744083672268 5.490091262192653
-1.5904242768911774 4.5612183799530985
-2.795466461407855 3.8955856467654613
-0.6592716343356784 4.410463945966538
-8.862688444245597 4.824627998003978
-9.161728579522105 5.600624626729414
-1.2390336278663716 1.9967575643906783
-6.57175323317611 5.91754523925553
-7.729466869951529 3.9590856125527356
-6.8991830502782845 5.01365402042438
-8.905110640674668 6.52425294499591
-7.713569828514557 6.389732590969349
-9.111081084951035 3.774197721598997
-8.253958424874112 6.021041278334942
-0.1381133729757522 4.975489613408038
-10.41349447450141 5.848989152301248
-2.309614523331021 3.9902893908216286
-1.7481100344274974 3.482432920744145
-9.967375767510026 5.835796572643645
-1.3377367084058729 4.85550342338994
-1.7226426504496448 4.225508297971735
-0.7664906625029826 3.5987495902983775
-1.9931813068047584 5.11143249522844
-1.3704478349408176 3.7256676365889922
-0.7537892766550729 2.829380874443284
-9.935013259139115 6.768837370146462
-2.3328187255231363 2.8907140623139522
-1.409034594547793 4.116839607822989
-8.477261365822276 6.017015791466547
-0.7175906272944274 5.001276756980781
-2.276466273080409 4.819182258751396
-1.1271119929655369 5.578819786296012
