2
-7.424437663177601 5.1819015262822745
-7.229192439553031 6.412297280366231
-0.8110143924074869 5.241280985621174
-8.365185841026126 7.03661536553605
-1.9792047621731883 3.68672066291741
-1.7179925962478233 4.698783317164802
-10.157231056158945 6.613390780263183
-1.0866540399038698 3.7567758093478543
-8.668715715329146 6.190761087403751
-8.173153797497948 6.817694728770922
-1.6029302223845145 5.2338441438282075
-9.042290067315621 5.1725814423071625
-9.678054058120589 7.060351472015817
-7.328518294051223 5.251171662328271
-0.686210751115262 4.587602674303572
-10.182173415687911 3.7952771863225516
-1.5404196098195078 3.521955859435456
-2.6467611899394496 3.8231262508460087
-0.2108461203786567 3.973441628004686
-0.2990656780637382 4.321036532677611
-1.8468739153843465 5.233999661663292
0.03262762942314801 4.7708482996861905
-6.976195096923273 5.315740608726912
-8.56860966296075 6.791461767146304
-2.6635194858014195 4.903213002958204
-1.4156254915612168 3.055956934495807
-2.530645255140524 4.766248265992347
-2.873248341420749 5.640304549952897
-1.5422653777888968 4.781357348521385
-0.4321256341892321 3.5763020366653375
0.6724910031598428 4.189196492137568
-7.534982443562184 5.745441707903885
-1.3406690530281273 4.993815389278066
-10.538249015642032 4.9362165051354845
-2.355547797636201 3.8795410905365597
-1.072457858703334 5.257102348259558
-2.108137799694931 2.689994842429668
-8.082288519018276 4.155254187801354
-2.5852829250892206 3.5266311999761695
-7.880706060710961 5.298547790827174
-7.987499015279154 5.028903574283796
-9.066225805310607 5.637544494529876
-2.6929944178003886 5.639765081962993
-0.6627622292269187 2.527323475823704
-0.8410885678930675 3.028096087767886
-3.099392106433844 4.807354509637501
-7.7131742420897496 5.509311225992269
-0.5485866514599329 4.049368625028528
-8.200395394589831 4.849310108856767
-7.919253900628968 5.722256750089331
-6.9705156921039455 5.385642877784732
0.6650222088856832 5.3680127062628715
-0.9370016673365871 3.733054265814581
-1.1674377769200919 3.6385415472187392
-9.414113326759798 5.467100194709794
-2.5137735534889862 2.628081426723823
-0.8107684062294367 3.478041298212845
-4.3143201368997905 2.9513030626573853
-8.600743361531547 5.079238543654067
-8.999263931993776 5.882684778134424
-1.492079293859005 4.700763345011327
-8.747217018766635 4.774915760786099
-0.5068333979776645 5.545066016925278
-9.513965276306052 5.621153812221479
-9.915377929159321 4.254747279911826
-8.519220242381502 4.147697145655718
-0.45648636067163595 4.228349340513189
-1.7869384004374278 5.64256720116059
-8.606211410087703 5.288899504213412
-8.523506475280485 6.31693260498213
-8.002056453394074 4.4968762180772215
-1.1361044016156234 4.229263778596145
-1.0561598240723409 3.2857654397089844
-9.06158859647065 3.4760263727696015
-8.952252092325422 5.983762382696942
-0.5706611567815549 5.748948990962049
-0.09325875685029072 4.306055162434
-8.693328717031857 5.371123195045993
0.10550465675537501 3.765226380362043
-0.7872688347284622 4.28825517920913
-0.6653704912737546 4.807233765042858
-1.1933974502469336 4.959125693750751
-8.492940604140918 6.226743881106077
-0.6618420227277007 4.8184120308610465
-0.17168982176225578 1.6745187948642424
-8.860974155807245 7.627448065563405
-8.204422582012969 5.07377122540144
-1.409098238506778 4.632528594706496
-0.605186173351658 5.474651936746057
-1.4319696340088457 3.683592272169135
-8.45934526754458 3.8047271030019143
-8.14408436439313 5.42455226178548
-2.1404412376555157 3.3101164865549295
-8.857257335452369 4.708518983781543
-7.509633728129447 5.882012268637083
-7.905772325192874 4.8455386483808285
-1.3507712432933157 3.971079477555259
-0.9181668030050099 4.07061027501433
-2.346983029303156 4.115472382707461
-9.798475548102086 6.263579529760005
0.08144357782720224 4.6459929051552855
-7.267552018405009 6.57893282964026
0.5508138884589258 3.4049202470349043
-9.17042522817946 6.181346148088248
-3.531064249091332 4.543135414193766
-2.3538146127705026 4.761287886635438
-1.2487638666944638 5.009042048560868
-1.4353421712323982 2.1778835775240184
-8.732150545758467 6.736354904896356
-8.941992398172243 4.602359936087929
-7.417885913356318 6.164258333429698
-1.8866072382620955 3.682698033430214
0.2928527578256188 2.5929769605883317
-6.636039820322731 5.606801444768825
-0.5935629115076325 4.690985395193296
-9.099263186487615 5.426827583606571
-8.773545449848683 6.895261037528966
-1.9433995874859984 3.498937667653479
-7.391427452797641 4.790978163273133
0.670112773217703 1.645472990257435
-10.779017486122063 6.501781833767728
-9.667426134779038 4.5483590337269195
-7.51275774890735 6.159153017037238
-2.839028202995085 5.442196344611961
-1.3632254207947483 5.3182201936461055
-2.0874891555636648 4.967503100960868
-8.606621747759656 3.698514525519945
-10.242605912600546 5.375425688356792
-8.199374288760893 4.071851312932453
0.1314080173839307 4.509233368289759
-1.208367816379566 3.329364241310177
0.09216067721012555 3.9814842296167416
-0.30551357323916395 4.420301262780243
1.2789960119216297 4.944424736756832
-8.894100534328217 6.6247471756150595
-1.1098167479483325 6.24832978784326
-1.914187721812705 4.091884519842729
-2.5144259855737454 6.1456111509092315
-6.9442545791277 6.267794038211954
-8.141859997032357 6.333402429179653
-2.8200638275725236 4.727276391661682
-1.3022704964385805 5.862230873548144
-7.6331009703773205 5.418389443549943
0.427745904784949 3.732629385039057
-7.191741587503134 4.647185386714562
-1.0929052962166563 2.8510345474233705
-9.551819106771562 3.765949878073717
-8.474724598378787 3.8436515384568724
-10.42581231106598 5.971706628618981
-1.2918168142008115 5.256988898231896
-2.257892933894376 4.147668704595471
0.3678170587481919 4.219819055687733
0.3106677790868244 5.548849402072746
-7.925089092742526 6.275004834358179
-0.4469587718802239 4.907616863966957
-6.707673334591522 5.268962092889228
-1.3149276770667377 4.541811240253853
-2.65899013147929 5.193176791818289
-9.717351726376872 5.083448622098582
-0.9240572015266717 5.919887912816285
-9.610971000686055 5.281510391579617
-1.227082271628278 4.1241684713689315
0.11447390527745704 4.7789926741533435
-7.013462439599622 5.660952211148973
-9.14747939989693 5.542508394752219
-9.908797678556411 6.099999967983334
-1.8858545157622824 3.2726807705480274
1.6292518195406287 3.859213510525446
-1.1526754359107483 5.765879618010033
-0.2859665215325461 3.0248756241962713
-1.6629065272232695 3.8262937251168605
-8.295543970914895 7.338722140195117
-9.815199839593337 6.484096651468764
-7.185630653762463 5.010113038739986
-2.276979400577395 3.1710948459403836
-6.561815350188915 5.835677691439487
-8.667690529475086 6.295669954581869
1.406723430818368 6.451488887103373
-0.6356748179338445 4.415113370596279
-7.04711305587202 5.755219828506476
-8.835502525185822 6.38688041891929
-0.2382724812360214 5.781565320118418
-1.248644916487192 3.2795535519602517
-2.518332428624295 4.736064474331922
-2.7002237932776962 4.456179813224533
-1.9188246145723995 3.120991096458897
-8.716583291193404 4.145134432311503
-1.603127533790863 3.8557799726623796
-9.290914459349704 5.790683543621212
-8.38567928792246 4.261855294846598
-7.381895410276033 7.3127560916713845
-9.70735815624842 5.781276546417059
-6.613778540293711 4.101102202445698
-7.981689753346038 5.567866994860885
-0.16158332658919483 3.8033432348969933
-0.7520300236709699 3.6631526030825547
-8.549648078826774 6.3796776558527855
-1.9673632132846737 3.9280429842746223
-8.413488364652354 6.574158469897375
-1.4619935161267428 5.46423726606203
-8.077269706777974 6.769769295012812
-9.338324204106602 5.9727461945398685
-1.5552269948261341 4.623648543046389
-7.985208796628171 5.960565845753385
-6.213887225894595 6.467415174056119
-7.836721379708416 5.728998822064546
-9.184887408644396 6.094501267041369
-8.989876712662882 5.907536697495252
-7.974331464029925 4.874491158206629
-1.8005352657711649 4.328452753734818
-9.84369393150005 6.329530230229683
-7.791005273848657 4.858080203395931
-0.7019208796749862 4.725008190640824
-8.659194751672576 6.0368805875581115
-0.29857171382389114 5.077386459428645
-9.09075616161133 5.236093616382569
-8.441014048842272 6.005892127798801
-8.666689672870637 3.8203629918437843
-0.7538896755229226 4.155669017984279
-10.239274880179183 5.975434202862509
-8.774027949321018 4.418393751344087
-8.37240022730924 5.8509535803576105
-6.823134521334381 5.752711380258651
-7.997496512263604 6.710666330461375
-6.756104162860621 5.140249051916284
-10.124909801926695 6.133805201128384
-9.403158027627095 6.010172675918271
-8.486076399127299 5.522712383315227
-9.121939505413216 7.3459530841509375
-0.828255498126595 4.342616718410856
-8.058331598222846 4.674831188089075
-2.4112200548748355 5.289315475476396
-6.7943148049195266 4.995865229858984
-7.968534838324104 5.3370194296106455
-2.0959084753566084 3.8548243931385673
-7.998374657706241 5.025101593252773
-9.544726720515726 4.786167263370554
-1.3014088779388597 4.294041540321871
-7.500741061740653 5.695395410358557
-8.86422069388242 4.752453207674485
-2.1756437539463023 3.2091134355682183
-1.8727909287219289 5.151163376710476
-2.2990606857445224 4.133460684815784
-8.57344484441572 7.297913141548974
-9.262757241146595 5.600441417708241
-1.2560676900270689 5.550277336813705
0.42213416241766977 5.0512628534384545
-0.6460305284979179 2.872745743350686
-0.7435331150661495 1.7077860885484335
-8.640783949252443 5.368571912111522
-7.73745624587239 4.425459280522123
-9.004687964445495 4.476413456596713
-10.5264697207962 7.6621713958651405
-0.9763873487335528 4.618599006103893
-0.3372022637288272 5.127324427655518
-1.152318650612135 4.992725115688455
-0.9092976145233372 3.030216985405568
-8.815951235947718 5.126449192668772
-1.896530944665853 3.0855072551145177
-1.9489534675531495 5.381566457471299
-2.481528941382546 2.971715238191546
-0.049480144352460176 3.29079948779625
-8.761818079041637 5.898184197072193
-8.581501285994184 4.196951175074916
-8.486828683978473 6.991375974798796
-10.384583090143051 6.234788703781612
0.9501441960165651 3.6391763996685356
-8.669861524828821 5.007606025939157
-1.6586594618951698 5.2548555381569315
-8.564815478553625 6.552491052524358
-8.994806547825169 5.808097901778893
-7.198472477854969 5.61773717230155
-1.3310246014749338 4.3336590180636385
-8.451589473980295 5.169307251246301
-8.879062067948542 3.3100607428305704
-1.5670029130782206 5.213316792146944
-8.842652680968703 3.6920059662718248
-8.173720306790063 6.409144130589811
-1.8536048869797876 4.659976621897876
-7.819128508817746 6.492728149622826
-0.16013101040295408 5.3734221746528466
-1.739122660766351 4.338063735954539
-0.6973671634581325 4.103051028375769
-7.869202928637389 6.534387545033404
-1.3398030425115086 3.7454377755671113
-1.7951082299034713 2.255633794970406
-8.977076196741951 6.237489010706347
-2.1168603097618703 4.182145657464861
-1.8328980494985458 3.4811183383539506
-1.1351407880178332 3.6331311865709592
-2.3617210396082653 5.084752465919173
-8.9174780430679 5.426192558246333
-1.9938400387334356 4.7736107265477
-10.030121859369547 6.357101045356778
-9.216387737725423 6.670845976377788
-8.754942125334274 4.062273548589818
-2.0618648492527676 2.938904862739488
-7.4561762068573625 6.198874360721843
-8.357274272785487 3.7445699732945865
-8.090712360763344 7.845970897609993
