2
-8.058331598222846 4.674831188089075
-2.276979400577395 3.1710948459403836
-8.716583291193404 4.145134432311503
-7.391427452797641 4.790978163273133
-2.108137799694931 2.689994842429668
0.3879881619914365 4.821784687862563
-8.486076399127299 5.522712383315227
-9.544726720515726 4.786167263370554
-8.365185841026126 7.03661536553605
-8.200395394589831 4.849310108856767
-2.0618648492527676 2.938904862739488
-8.523506475280485 6.31693260498213
-1.7869384004374278 5.64256720116059
-8.857257335452369 4.708518983781543
-7.981689753346038 5.567866994860885
-1.6629065272232695 3.8262937251168605
-1.896530944665853 3.0855072551145177
-8.773545449848683 6.895261037528966
-7.267552018405009 6.57893282964026
-10.115267182759474 6.769376838136366
-1.5422653777888968 4.781357348521385
-2.346983029303156 4.115472382707461
1.2789960119216297 4.944424736756832
-9.403158027627095 6.010172675918271
-8.451589473980295 5.169307251246301
-0.42860912663961137 3.0842965034888543
-1.8328980494985458 3.4811183383539506
-0.16013101040295408 5.3734221746528466
-8.486828683978473 6.991375974798796
-1.1933974502469336 4.959125693750751
-9.066225805310607 5.637544494529876
-0.686210751115262 4.587602674303572
-8.57304344281366 5.4627313062471075
-2.1751325540289725 5.091986046885327
-1.190025572008885 4.934354149160765
-9.414113326759798 5.467100194709794
-8.747217018766635 4.774915760786099
0.2928527578256188 2.5929769605883317
-1.3398030425115086 3.7454377755671113
-8.879062067948542 3.3100607428305704
-5.612767021798097 4.988285798708914
-8.56860966296075 6.791461767146304
-8.474724598378787 3.8436515384568724
-7.919253900628968 5.722256750089331
-8.173720306790063 6.409144130589811
-8.077269706777974 6.769769295012812
-9.70735815624842 5.781276546417059
-7.836721379708416 5.728998822064546
-10.242605912600546 5.375425688356792
-7.500741061740653 5.695395410358557
-9.717351726376872 5.083448622098582
-9.551819106771562 3.765949878073717
0.42213416241766977 5.0512628534384545
-2.6929944178003886 5.639765081962993
-0.9763873487335528 4.618599006103893
-1.4941423535375966 3.1875456366883133
-9.723547782721273 4.100787526375015
0.7247050131968304 2.219672337516127
-7.968534838324104 5.3370194296106455
-7.191741587503134 4.647185386714562
-6.9442545791277 6.267794038211954
-7.73745624587239 4.425459280522123
-9.12787335710101 4.401753058731496
-1.072457858703334 5.257102348259558
-8.941992398172243 4.602359936087929
-2.5137735534889862 2.628081426723823
-1.227082271628278 4.1241684713689315
-6.823134521334381 5.752711380258651
-9.004687964445495 4.476413456596713
-7.987499015279154 5.028903574283796
-8.835502525185822 6.38688041891929
-8.640783949252443 5.368571912111522
-3.099392106433844 4.807354509637501
-8.141859997032357 6.333402429179653
-0.605186173351658 5.474651936746057
-1.0082071867773805 5.353581187708036
-1.8866072382620955 3.682698033430214
-2.366137409082485 3.415459411504724
-7.185630653762463 5.010113038739986
-0.5068333979776645 5.545066016925278
-9.09075616161133 5.236093616382569
-1.1351407880178332 3.6331311865709592
-1.7951082299034713 2.255633794970406
-7.7131742420897496 5.509311225992269
-8.45934526754458 3.8047271030019143
-1.2809408250487813 5.098441742408964
-1.4319696340088457 3.683592272169135
-1.6586594618951698 5.2548555381569315
-1.5552269948261341 4.623648543046389
-8.519220242381502 4.147697145655718
0.3106677790868244 5.548849402072746
-6.756104162860621 5.140249051916284
-1.1526754359107483 5.765879618010033
-8.053033233746213 6.370353273804643
-1.2487638666944638 5.009042048560868
-1.5172188748869393 6.12772833989122
-10.182173415687911 3.7952771863225516
-1.3014088779388597 4.294041540321871
-8.37240022730924 5.8509535803576105
-2.839028202995085 5.442196344611961
-0.6091860268091484 4.317905125504627
-9.513965276306052 5.621153812221479
-6.9705156921039455 5.385642877784732
-8.659194751672576 6.0368805875581115
-2.0874891555636648 4.967503100960868
-7.997496512263604 6.710666330461375
-9.338324204106602 5.9727461945398685
-8.083107409231793 4.157168375951355
-9.216387737725423 6.670845976377788
-1.5404196098195078 3.521955859435456
-1.2918168142008115 5.256988898231896
-7.509633728129447 5.882012268637083
-8.600743361531547 5.079238543654067
-8.774027949321018 4.418393751344087
-9.121939505413216 7.3459530841509375
-1.8468739153843465 5.233999661663292
-8.894100534328217 6.6247471756150595
-9.337927316695335 4.983896681322036
-0.5706611567815549 5.748948990962049
-8.14408436439313 5.42455226178548
-9.815199839593337 6.484096651468764
-1.208367816379566 3.329364241310177
-7.328518294051223 5.251171662328271
-1.0929052962166563 2.8510345474233705
-7.925089092742526 6.275004834358179
-0.17168982176225578 1.6745187948642424
-10.06208266891125 5.8563486798451505
0.08144357782720224 4.6459929051552855
-2.4112200548748355 5.289315475476396
-8.9174780430679 5.426192558246333
-9.908797678556411 6.099999967983334
-6.707673334591522 5.268962092889228
-2.5560487517722414 5.908627659248411
-0.09325875685029072 4.306055162434
-7.985208796628171 5.960565845753385
-8.989876712662882 5.907536697495252
-8.977076196741951 6.237489010706347
-2.5144259855737454 6.1456111509092315
-1.868440982611227 1.4689874137419485
-10.030121859369547 6.357101045356778
-3.1010956101846414 2.6884885054844965
-0.10502840824051685 5.891570349037471
-1.4156254915612168 3.055956934495807
-0.7687074869829508 3.2926644667323353
-1.3406690530281273 4.993815389278066
-1.9835348158065247 4.855104369321469
-8.667690529475086 6.295669954581869
-9.678054058120589 7.060351472015817
-8.815951235947718 5.126449192668772
-0.2382724812360214 5.781565320118418
-0.2859665215325461 3.0248756241962713
-0.4469587718802239 4.907616863966957
-1.739122660766351 4.338063735954539
-8.999263931993776 5.882684778134424
-0.5485866514599329 4.049368625028528
-1.8748461385529376 4.0263968299530255
-2.3345730969186924 4.6827163478221845
-7.819128508817746 6.492728149622826
-1.3507712432933157 3.971079477555259
-7.4561762068573625 6.198874360721843
-9.290914459349704 5.790683543621212
-0.049480144352460176 3.29079948779625
-10.779017486122063 6.501781833767728
-7.12754493606127 5.908064962336812
-8.86422069388242 4.752453207674485
-1.1361044016156234 4.229263778596145
0.3678170587481919 4.219819055687733
0.1314080173839307 4.509233368289759
-8.204422582012969 5.07377122540144
-2.257892933894376 4.147668704595471
-8.994806547825169 5.808097901778893
-0.92080458154821 4.542447150431759
-0.4321256341892321 3.5763020366653375
-1.4619935161267428 5.46423726606203
-8.754942125334274 4.062273548589818
-7.013462439599622 5.660952211148973
-1.3632254207947483 5.3182201936461055
-1.2560676900270689 5.550277336813705
-8.199374288760893 4.071851312932453
-8.002056453394074 4.4968762180772215
-0.03442340993699444 4.3265624891212155
-1.9673632132846737 3.9280429842746223
-7.229192439553031 6.412297280366231
-2.6635194858014195 4.903213002958204
-0.85565517277933 3.972656643445311
-1.3061903383696083 5.197082714171428
-8.173153797497948 6.817694728770922
-7.424437663177601 5.1819015262822745
-8.668715715329146 6.190761087403751
-0.39389353802079474 3.2945855302454112
-7.04711305587202 5.755219828506476
0.6724910031598428 4.189196492137568
-0.16158332658919483 3.8033432348969933
-6.976195096923273 5.315740608726912
-2.1756437539463023 3.2091134355682183
-7.534982443562184 5.745441707903885
-0.9370016673365871 3.733054265814581
-2.5852829250892206 3.5266311999761695
-8.441014048842272 6.005892127798801
-1.4400000092169507 5.500338984753244
-9.382460078994242 4.4391887747383985
-2.518332428624295 4.736064474331922
-9.17042522817946 6.181346148088248
-10.5264697207962 7.6621713958651405
-1.8536048869797876 4.659976621897876
-1.924784774273834 2.9777764032208474
-7.6331009703773205 5.418389443549943
-1.248644916487192 3.2795535519602517
-9.262757241146595 5.600441417708241
-0.6973671634581325 4.103051028375769
-6.561815350188915 5.835677691439487
-8.693328717031857 5.371123195045993
-10.124909801926695 6.133805201128384
0.6650222088856832 5.3680127062628715
-0.7872688347284622 4.28825517920913
-6.691204952879801 4.533992535218373
-9.84369393150005 6.329530230229683
-0.6627622292269187 2.527323475823704
-6.636039820322731 5.606801444768825
-1.7179925962478233 4.698783317164802
-7.998374657706241 5.025101593252773
-8.842652680968703 3.6920059662718248
-2.65899013147929 5.193176791818289
-9.042290067315621 5.1725814423071625
-0.9181668030050099 4.07061027501433
-3.531064249091332 4.543135414193766
-1.1098167479483325 6.24832978784326
-1.6029302223845145 5.2338441438282075
-8.357274272785487 3.7445699732945865
-1.409098238506778 4.632528594706496
-2.3538146127705026 4.761287886635438
-10.157231056158945 6.613390780263183
-9.099263186487615 5.426827583606571
-0.2108461203786567 3.973441628004686
-9.235858880072163 5.902683014731169
-9.14747939989693 5.542508394752219
-8.669861524828821 5.007606025939157
-0.6728710054372323 5.140304612040339
-0.828255498126595 4.342616718410856
-7.869202928637389 6.534387545033404
-1.9489534675531495 5.381566457471299
0.670112773217703 1.645472990257435
-0.6618420227277007 4.8184120308610465
-1.9433995874859984 3.498937667653479
-0.30551357323916395 4.420301262780243
0.9501441960165651 3.6391763996685356
-8.606211410087703 5.288899504213412
-8.082288519018276 4.155254187801354
-2.1168603097618703 4.182145657464861
-7.381895410276033 7.3127560916713845
-1.0561598240723409 3.2857654397089844
-1.8727909287219289 5.151163376710476
-0.7435331150661495 1.7077860885484335
-10.538249015642032 4.9362165051354845
-1.9075908720052988 3.4462329800172267
-1.6910324178035898 4.338743759601008
-7.198472477854969 5.61773717230155
-8.952252092325422 5.983762382696942
-1.152318650612135 4.992725115688455
-0.8676863282812988 4.583337335919354
-1.8005352657711649 4.328452753734818
-2.3617210396082653 5.084752465919173
-1.344692270330893 3.54355901535153
-7.791005273848657 4.858080203395931
-1.8015701954680194 3.0768461734916754
-8.413488364652354 6.574158469897375
-2.530645255140524 4.766248265992347
-8.295543970914895 7.338722140195117
-1.4575217122699837 5.428474376191936
-7.974331464029925 4.874491158206629
-8.734098135197732 5.829835633194796
-0.6000968038519019 4.642015257589399
-1.3149276770667377 4.541811240253853
-1.603127533790863 3.8557799726623796
-1.6973585418465613 5.041876483914647
0.09216067721012555 3.9814842296167416
-1.5670029130782206 5.213316792146944
-1.469469644696297 4.390743276588987
-0.6460305284979179 2.872745743350686
-7.905772325192874 4.8455386483808285
-5.8352954105203585 7.580561175286842
-10.384583090143051 6.234788703781612
-8.666689672870637 3.8203629918437843
-6.213887225894595 6.467415174056119
-2.25802303730228 3.5860761727337094
-9.06158859647065 3.4760263727696015
0.03262762942314801 4.7708482996861905
-0.3372022637288272 5.127324427655518
-2.2990606857445224 4.133460684815784
-9.610971000686055 5.281510391579617
-1.1674377769200919 3.6385415472187392
-0.9240572015266717 5.919887912816285
-7.51275774890735 6.159153017037238
-7.8776936592725715 5.544185658779748
-1.914187721812705 4.091884519842729
-9.915377929159321 4.254747279911826
-9.160843455911126 4.250063384642366
-8.492940604140918 6.226743881106077
-1.183045217066493 3.4367686182774326
-8.57344484441572 7.297913141548974
-8.860974155807245 7.627448065563405
-0.23820422281602482 4.821100744043315
-8.151316455862064 4.159289273589037
-0.9632668810665987 2.9146188675385094
-7.541084519402465 5.45010882086108
-1.4558536769850865 4.99505777373273
-8.606621747759656 3.698514525519945
0.10550465675537501 3.765226380362043
-1.2533398406001104 5.774138385909002
-9.667426134779038 4.5483590337269195
-0.8107684062294367 3.478041298212845
-7.835581752846359 5.820057683376765
-4.3143201368997905 2.9513030626573853
-6.7943148049195266 4.995865229858984
-10.42581231106598 5.971706628618981
-1.3834004810770746 2.7005665953951943
-7.880706060710961 5.298547790827174
-0.5252618936584186 3.8626217763999713
-9.798475548102086 6.263579529760005
-8.581501285994184 4.196951175074916
-8.549648078826774 6.3796776558527855
-1.0046156945786162 5.594258138891835
-2.7002237932776962 4.456179813224533
-8.544289337777307 6.991303161731613
-8.732150545758467 6.736354904896356
-7.417885913356318 6.164258333429698
-1.4353421712323982 2.1778835775240184
-9.184887408644396 6.094501267041369
-10.239274880179183 5.975434202862509
-6.613778540293711 4.101102202445698
-0.7538896755229226 4.155669017984279
-1.9792047621731883 3.68672066291741
-9.888780031278177 4.952198539029478
-0.6329275888227142 3.4219032470846615
-6.8142729365537775 4.861701673222526
-9.597566638974929 5.008613378720029
-1.0866540399038698 3.7567758093478543
-1.818084069268962 4.651984693198956
0.38012943772367014 4.571208258788049
-0.1102584738564154 3.791444201799674
-0.7019208796749862 4.725008190640824
-7.698505202010362 5.357421628696658
-0.6653704912737546 4.807233765042858
-8.090712360763344 7.845970897609993
-8.761818079041637 5.898184197072193
-8.38567928792246 4.261855294846598
-0.7520300236709699 3.6631526030825547
-8.564815478553625 6.552491052524358
-0.8753867417189038 4.454014412933388
-0.29857171382389114 5.077386459428645
