2
-6.561815350188915 5.835677691439487
-10.124909801926695 6.133805201128384
-1.331426003076994 6.168840853365505
-1.600633839629976 2.562933678088356
-7.968534838324104 5.3370194296106455
-0.8998411556936314 5.204330140996184
-1.3265908216220237 5.662389478962835
-8.519220242381502 4.147697145655718
-8.474724598378787 3.8436515384568724
-8.090712360763344 7.845970897609993
-8.204422582012969 5.07377122540144
-7.919253900628968 5.722256750089331
-7.905772325192874 4.8455386483808285
-8.716583291193404 4.145134432311503
-7.4561762068573625 6.198874360721843
-1.5739323946089927 3.9973769044853027
-8.879062067948542 3.3100607428305704
-9.099263186487615 5.426827583606571
-1.3641925687489767 4.159827216029943
-8.199374288760893 4.071851312932453
-8.860974155807245 7.627448065563405
0.27150314923478125 4.256570589601263
-8.441014048842272 6.005892127798801
-0.5771096674790195 5.363655861439357
-7.6331009703773205 5.418389443549943
-1.1231669996873994 5.907543077352581
-0.6830702514038001 5.14593254617471
0.29776426221102614 5.138721750028485
-9.678054058120589 7.060351472015817
-1.130381385970514 4.7218812921741415
-1.5320091079822926 3.2893214631606185
-10.538249015642032 4.9362165051354845
1.0281316154441318 5.33834288587265
-1.9054605585582034 4.41343610656875
-9.262757241146595 5.600441417708241
-10.182173415687911 3.7952771863225516
-7.424437663177601 5.1819015262822745
-2.0963053627678754 4.8436739063564
-6.823134521334381 5.752711380258651
-6.707673334591522 5.268962092889228
-1.4246708315319099 2.6912907036603153
-1.6152384941136422 3.5794466955980746
0.26582374441545387 4.186668320543443
-2.425407293440313 3.4192867455434506
-1.531526608509957 5.766188749345497
-1.427842683490095 3.878533737755687
-1.2440575577885726 4.393640095131758
-9.216387737725423 6.670845976377788
-2.6667788372176835 4.970927679799865
-0.816312756884119 3.545758899905606
