2
-0.6627622292269187 2.527323475823704
-8.773545449848683 6.895261037528966
-0.6774870510764229 4.013367935519914
-8.693328717031857 5.371123195045993
-8.747217018766635 4.774915760786099
-8.606211410087703 5.288899504213412
-0.41821982238821054 4.33865750929514
-0.4321256341892321 3.5763020366653375
-7.987499015279154 5.028903574283796
-8.082288519018276 4.155254187801354
-6.976195096923273 5.315740608726912
-1.4929880046604773 3.3933166172497122
-7.819128508817746 6.492728149622826
-0.22127437136504668 4.318943587878688
-9.337927316695335 4.983896681322036
-1.6973585418465613 5.041876483914647
-7.968534838324104 5.3370194296106455
-9.088892756723073 6.363071949846761
-9.06158859647065 3.4760263727696015
0.0898222771206365 4.164350811935596
-8.640783949252443 5.368571912111522
-0.16158332658919483 3.8033432348969933
-8.173153797497948 6.817694728770922
-2.9755835810901448 4.340081394078625
-7.998374657706241 5.025101593252773
-9.184887408644396 6.094501267041369
0.662320732336549 2.760673920458162
-10.124909801926695 6.133805201128384
-7.698505202010362 5.357421628696658
-8.952252092325422 5.983762382696942
-8.413488364652354 6.574158469897375
-9.76035126996302 5.865136762515391
-9.667426134779038 4.5483590337269195
-0.5706611567815549 5.748948990962049
-8.543427719277586 5.42311382850534
-2.5137735534889862 2.628081426723823
-0.7687074869829508 3.2926644667323353
-8.9174780430679 5.426192558246333
-1.3507712432933157 3.971079477555259
-7.198472477854969 5.61773717230155
-0.9085080227892917 3.6507810070531237
-8.334924137555383 3.9801068356068394
-0.7793880232115031 4.764486150607778
-1.0082071867773805 5.353581187708036
-6.756104162860621 5.140249051916284
-7.12754493606127 5.908064962336812
-1.9940441482451434 5.160660056901845
-6.931351062251903 6.677921690256215
-7.688977613218951 6.036689152150426
-7.919253900628968 5.722256750089331
-8.894100534328217 6.6247471756150595
-0.4742374365405908 3.904728148075992
-2.2357933632408287 5.9479762324014525
-9.723547782721273 4.100787526375015
-0.22826030000258446 5.027459559574639
0.1314080173839307 4.509233368289759
-7.73745624587239 4.425459280522123
-7.509633728129447 5.882012268637083
-1.8918451231383135 3.9413497197747023
-2.4661802915059243 4.153875585328823
-9.114809770060655 6.280235664893945
-8.365185841026126 7.03661536553605
-7.835581752846359 5.820057683376765
-0.7538896755229226 4.155669017984279
-6.291874645322162 4.7682486878520045
0.8615718253714952 5.153195049912449
-1.4558536769850865 4.99505777373273
-9.798475548102086 6.263579529760005
-7.836721379708416 5.728998822064546
-7.40214985174168 6.5024944628363155
-7.985551956404876 2.8368583767319024
-1.6029302223845145 5.2338441438282075
-8.879062067948542 3.3100607428305704
-9.262757241146595 5.600441417708241
-2.3538146127705026 4.761287886635438
-8.835502525185822 6.38688041891929
-8.734098135197732 5.829835633194796
-7.791005273848657 4.858080203395931
0.3768166442283043 4.417119931280568
-10.081047044333811 6.57126863279543
-7.335277598189017 5.435127450617469
-1.7869384004374278 5.64256720116059
-0.1102584738564154 3.791444201799674
-1.3596662449261285 4.324591980790527
-0.6877576043328941 4.190701215656327
-7.939386004796859 5.232123316559238
-0.33410327592790057 3.593977820254085
-8.077269706777974 6.769769295012812
-1.9570623219115935 3.8971123239462555
-0.4715509871758302 5.2606603027858805
-2.2990606857445224 4.133460684815784
-8.761818079041637 5.898184197072193
-0.45852069605767287 3.7231816348928795
-7.994048865009696 4.792224891266024
-8.564815478553625 6.552491052524358
-1.3738955830616764 3.9387812637345796
-10.06208266891125 5.8563486798451505
-0.03442340993699444 4.3265624891212155
-8.605244262133475 6.4472924818295745
-1.8748461385529376 4.0263968299530255
-9.042554107109892 5.457525041918287
-1.2533398406001104 5.774138385909002
-8.815951235947718 5.126449192668772
-0.5317480075200611 6.417916105627366
-9.14747939989693 5.542508394752219
-1.8015701954680194 3.0768461734916754
-1.8212290495453716 5.097463154854228
-0.2859665215325461 3.0248756241962713
-8.31447670004206 6.386174636443027
-3.5013197326307695 3.8523783034108647
-2.0874891555636648 4.967503100960868
-1.726031180261235 5.859277806213494
-1.818084069268962 4.651984693198956
-7.6331009703773205 5.418389443549943
-8.667690529475086 6.295669954581869
-1.4159351965285265 5.397434833989532
-8.544289337777307 6.991303161731613
-7.8776936592725715 5.544185658779748
-0.809819130345969 6.566429565295225
-8.716583291193404 4.145134432311503
-0.8909346814009362 4.764004715050854
-0.06558222519595991 4.035979710576605
-9.915377929159321 4.254747279911826
-0.6091860268091484 4.317905125504627
-0.4771551383742647 2.3335106446941563
-7.903860864066427 5.9474843190445155
-8.441014048842272 6.005892127798801
-8.474724598378787 3.8436515384568724
-8.451589473980295 5.169307251246301
-0.6746388394086817 3.98084698609442
-8.549648078826774 6.3796776558527855
-0.16410269343037842 5.53191372778235
-3.0922742278988613 3.973976325975587
-8.070274339465321 5.471689006594325
-0.7797912641216967 4.410097050335676
-2.108137799694931 2.689994842429668
-8.784284219127624 5.910429636704854
-7.928229592453988 5.7166749624870405
-0.10502840824051685 5.891570349037471
-0.6653704912737546 4.807233765042858
-1.8957331424564305 4.507963908810847
-0.5252618936584186 3.8626217763999713
-1.4325346234573588 4.036659208358602
-0.9632668810665987 2.9146188675385094
-8.56860966296075 6.791461767146304
-8.904925368561996 4.955366013300329
-1.0410978611195318 4.197319506273589
-3.1463556151697407 4.577572767464616
-9.13854978600458 4.214579543297987
-9.216387737725423 6.670845976377788
-0.29857171382389114 5.077386459428645
-10.384583090143051 6.234788703781612
-2.1515611355920248 3.177929871708677
-0.998189258197571 3.7168922843823986
-9.905538327140146 6.032285291141673
0.09216067721012555 3.9814842296167416
-2.548076015266746 2.4546560570134908
-9.156206563151432 5.220956808026198
-8.57344484441572 7.297913141548974
-1.1985454903955213 5.485590784303518
-7.185630653762463 5.010113038739986
-0.8106967029644543 4.652343057207355
-11.556338978238518 4.080375350840854
-8.519220242381502 4.147697145655718
-8.999263931993776 5.882684778134424
-1.6999909459499583 4.808208504353947
-2.7218891589899474 4.752259416195282
-8.581821883850235 4.874510063750581
-9.099263186487615 5.426827583606571
-0.9266780754128667 4.065408108078715
-9.942242634616422 5.585252101408002
-9.935013259139115 6.768837370146462
-8.200395394589831 4.849310108856767
-8.582687894366854 6.122887677461535
-9.160843455911126 4.250063384642366
-7.452864961717383 5.102513916188155
-1.4000736351284992 5.271841151169464
-0.10574186200835722 4.63979437146939
-8.86422069388242 4.752453207674485
-6.571906068121024 2.774545278440904
-7.291498985691186 4.419871775979718
-9.121939505413216 7.3459530841509375
-1.7057136830080455 3.1441359488706078
-1.5025061713941166 3.9314947548584698
-2.972435032410217 4.964184529056387
-0.6391356594785714 6.821170857128646
-8.57304344281366 5.4627313062471075
-2.6706031650208546 3.3029760694787287
-8.977076196741951 6.237489010706347
-9.235858880072163 5.902683014731169
0.01776234225202522 6.157689353170302
-0.7347636619079749 4.84579648841259
-10.42581231106598 5.971706628618981
-7.7131742420897496 5.509311225992269
-2.5144259855737454 6.1456111509092315
0.42213416241766977 5.0512628534384545
-0.16406501514189897 5.557137800817317
-7.424437663177601 5.1819015262822745
-9.908797678556411 6.099999967983334
-2.4961945112478143 7.063948969414375
-0.92080458154821 4.542447150431759
-1.4941423535375966 3.1875456366883133
-7.191741587503134 4.647185386714562
0.3879881619914365 4.821784687862563
-1.2239003668335504 3.4216598630930104
-9.589001870641882 5.24454467089093
-6.561815350188915 5.835677691439487
-8.70401235746547 6.593309554245499
0.3678170587481919 4.219819055687733
-8.37715962935656 4.762203474754428
-7.267552018405009 6.57893282964026
-1.9792047621731883 3.68672066291741
-1.0866540399038698 3.7567758093478543
-8.666689672870637 3.8203629918437843
-10.538249015642032 4.9362165051354845
-1.5265072674682854 5.873303069493907
-1.4575217122699837 5.428474376191936
-6.613778540293711 4.101102202445698
-0.9974973159520308 4.39468743268328
-6.9442545791277 6.267794038211954
-3.099392106433844 4.807354509637501
-9.358879151100597 5.31121794564833
-7.480291322574748 6.910637608301887
-7.013462439599622 5.660952211148973
-8.37240022730924 5.8509535803576105
-1.1511905451071658 3.9892505516599677
-1.9075908720052988 3.4462329800172267
-7.413708663100982 2.8035910830477113
-7.847205014690385 6.603724224929526
-2.10906664823238 5.127857794592707
-1.1981720568554404 6.087872776134885
-8.053033233746213 6.370353273804643
-1.569948730291462 4.078440670803717
-9.414113326759798 5.467100194709794
-6.707673334591522 5.268962092889228
-1.409098238506778 4.632528594706496
0.11808911173731484 2.8565386422763535
-1.868440982611227 1.4689874137419485
-7.985208796628171 5.960565845753385
-1.1674377769200919 3.6385415472187392
-1.2508220399762966 3.8291656807032712
-2.1962845309194825 3.042538091458221
0.5701623576379757 3.929337219911993
-10.157231056158945 6.613390780263183
-8.394337491950862 6.121797403871924
-1.0561598240723409 3.2857654397089844
-9.095623728318515 5.789048910081345
-8.732150545758467 6.736354904896356
-8.37812324295435 5.358336066779614
-8.160185644343736 5.199682563197799
-1.6227744489111742 4.129463140920302
-0.5980301108379211 5.360488318099586
-9.717351726376872 5.083448622098582
-1.617307371824178 4.414155489305554
-1.9592357246510115 4.332408577816248
0.4928305250463272 5.516835213750951
-1.7771543820124536 4.728294185699967
-9.678054058120589 7.060351472015817
-3.1010956101846414 2.6884885054844965
-9.403158027627095 6.010172675918271
-7.4561762068573625 6.198874360721843
-1.750948373295872 4.918590998440989
-9.17042522817946 6.181346148088248
-10.242605912600546 5.375425688356792
-2.5560487517722414 5.908627659248411
-1.561518115874108 3.9619295877798986
-1.458513310450256 4.700729635153316
-0.007158258082321511 6.633575619963584
-0.12541303218310018 5.205993144448088
-9.12787335710101 4.401753058731496
-8.842652680968703 3.6920059662718248
-2.7074280285031254 5.250788780351734
0.17318883597664692 6.055076444294215
-1.8180856969571544 4.502332297115363
-8.179020508675313 4.86212655399805
0.28698182010534135 5.538582181400951
-0.9999581740123433 5.395446444522601
-8.486828683978473 6.991375974798796
-8.058331598222846 4.674831188089075
-1.4400000092169507 5.500338984753244
-7.51275774890735 6.159153017037238
-1.6106337623620304 3.797452495473023
-2.530645255140524 4.766248265992347
-8.669861524828821 5.007606025939157
-9.338324204106602 5.9727461945398685
-1.1526754359107483 5.765879618010033
-2.180382987365248 4.516871159525854
-8.090712360763344 7.845970897609993
-8.989876712662882 5.907536697495252
-1.3202820392939247 3.2300565201479445
-7.391427452797641 4.790978163273133
-8.45934526754458 3.8047271030019143
-0.44907138867880847 5.222766601686566
-0.9931067421646125 4.520634776889203
-9.888780031278177 4.952198539029478
-0.37559666308797957 4.468690378015571
-6.8142729365537775 4.861701673222526
-1.8603370732834132 3.791864318740623
-1.9161445612847574 4.2591728885196
-10.182173415687911 3.7952771863225516
-1.85750872096603 5.486719081483903
-0.39389353802079474 3.2945855302454112
-1.425976685704235 3.310132682770732
-1.6046417954443886 3.139521948626748
0.3258477687334478 5.093459404496803
-7.79060549279866 5.178440913211997
-1.8157014924041515 5.668243816622198
-7.869202928637389 6.534387545033404
-7.547532414577891 5.549373550963712
-8.199374288760893 4.071851312932453
0.7247050131968304 2.219672337516127
-8.469101112967005 5.2532407595524
-8.204422582012969 5.07377122540144
-8.486076399127299 5.522712383315227
-8.677361012571124 3.3069558657074873
-9.037127071242198 3.384706083153875
-1.9572853887690997 2.9073077113338295
-1.0300337888091864 5.492283861937279
-1.9609490597688124 4.57591276923834
-7.328518294051223 5.251171662328271
0.6724910031598428 4.189196492137568
-5.612767021798097 4.988285798708914
-7.229192439553031 6.412297280366231
-9.190972308891876 6.510638745654768
-9.066225805310607 5.637544494529876
-8.774027949321018 4.418393751344087
-1.6412069979016022 5.795050477719746
-9.84369393150005 6.329530230229683
-0.4618522478915702 6.35297765812723
-9.128626079600823 4.8117703216136825
-8.673988475347572 4.812664560352604
-9.004687964445495 4.476413456596713
-0.85565517277933 3.972656643445311
-2.1756437539463023 3.2091134355682183
-10.239274880179183 5.975434202862509
-6.823134521334381 5.752711380258651
-1.1783907292827331 3.6190696093289416
0.03262762942314801 4.7708482996861905
-8.941992398172243 4.602359936087929
-0.7872688347284622 4.28825517920913
-1.5670029130782206 5.213316792146944
-2.1751325540289725 5.091986046885327
-9.513965276306052 5.621153812221479
-8.556946518405464 5.670883528437322
-2.25802303730228 3.5860761727337094
-7.417885913356318 6.164258333429698
-2.449134623800925 3.723629036767637
-8.659194751672576 6.0368805875581115
-0.23820422281602482 4.821100744043315
-1.3834004810770746 2.7005665953951943
-8.052787247568164 4.607113586396314
-7.534982443562184 5.745441707903885
-8.857257335452369 4.708518983781543
-8.79724583616486 5.752720831229858
0.6650222088856832 5.3680127062628715
-8.141859997032357 6.333402429179653
-1.336189419122192 4.481132076201135
-0.6000968038519019 4.642015257589399
-0.5423160435001294 3.324225509900517
0.023545188766439296 3.423230623872856
-0.5708434286977772 3.7172793410370555
-6.691204952879801 4.533992535218373
-8.668715715329146 6.190761087403751
-0.3469274176743542 3.5601853097894756
-10.77308309043006 5.672207702377235
-0.181134796503704 5.336332492178862
-0.5854440875175858 4.490769947355022
-2.257892933894376 4.147668704595471
-8.994806547825169 5.808097901778893
-0.7773117385069437 4.350249332214052
-7.8880493698366445 4.001818031534155
-2.159631081315001 4.147901951194511
-10.779017486122063 6.501781833767728
-1.208367816379566 3.329364241310177
-8.49078270803319 6.138114336744337
-1.0912499139705307 4.300261498629105
-6.213887225894595 6.467415174056119
-0.5111686618510332 6.055416803428525
-7.905772325192874 4.8455386483808285
-2.366137409082485 3.415459411504724
-7.381895410276033 7.3127560916713845
-10.5264697207962 7.6621713958651405
0.02723069765810271 5.484150285606931
-1.6206696029068715 3.6955557098205087
-1.5995470894090043 3.9258322834971846
-1.4156254915612168 3.055956934495807
-0.3372022637288272 5.127324427655518
-0.0880018936364344 2.772316555595205
-8.14408436439313 5.42455226178548
-7.500741061740653 5.695395410358557
-0.6329275888227142 3.4219032470846615
-1.9673632132846737 3.9280429842746223
1.2789960119216297 4.944424736756832
-1.9433995874859984 3.498937667653479
-9.303883690591494 4.067977150922957
-8.357274272785487 3.7445699732945865
-1.043165145206285 5.762740360704284
-2.140071223685305 3.5640619885273894
0.8916582376020368 4.629541504677457
-8.900678303233896 6.3839278263404005
-8.782438451158233 4.651028147618925
-8.151316455862064 4.159289273589037
-8.860974155807245 7.627448065563405
-8.173720306790063 6.409144130589811
-1.224767682074507 6.023338753034416
-1.469469644696297 4.390743276588987
-8.492940604140918 6.226743881106077
-0.8676863282812988 4.583337335919354
-8.002056453394074 4.4968762180772215
-8.523506475280485 6.31693260498213
-0.35757089695085054 3.2265715145622225
-5.8352954105203585 7.580561175286842
-9.042290067315621 5.1725814423071625
-1.183045217066493 3.4367686182774326
-10.115267182759474 6.769376838136366
-9.074916890837272 4.6101906265374195
-9.70735815624842 5.781276546417059
-3.276997900873443 5.076388101205742
-8.35183558928706 7.377402076026729
-9.290914459349704 5.790683543621212
-7.880706060710961 5.298547790827174
-9.382460078994242 4.4391887747383985
-2.2096143503875894 4.503316925860969
-9.901008972818017 6.322249080001758
-8.581501285994184 4.196951175074916
-1.8246049939783773 3.6025837919631787
-1.5172188748869393 6.12772833989122
-0.9763873487335528 4.618599006103893
-0.45318116160330435 4.618731252917482
-7.981689753346038 5.567866994860885
-1.7417281535769544 6.037169369713851
-1.2560676900270689 5.550277336813705
-3.157182056495002 4.815424921924244
-7.748852239316391 6.674138305108747
-6.636039820322731 5.606801444768825
-1.642735793473852 5.314226670957224
-1.924784774273834 2.9777764032208474
-8.083107409231793 4.157168375951355
-2.3617210396082653 5.084752465919173
-8.600743361531547 5.079238543654067
-8.43541629158566 6.08819798193422
-1.4577844278421714 5.9696223507850315
-1.2809408250487813 5.098441742408964
-1.190025572008885 4.934354149160765
-0.9656734714163833 4.708569423339316
-1.739122660766351 4.338063735954539
-1.0381653665566217 4.627503749387988
-8.38567928792246 4.261855294846598
-8.295543970914895 7.338722140195117
-9.597566638974929 5.008613378720029
-1.344692270330893 3.54355901535153
-1.1767686371603563 4.271677676547067
-10.030121859369547 6.357101045356778
-9.827301766427947 4.655703488159638
-2.3345730969186924 4.6827163478221845
-6.7943148049195266 4.995865229858984
-0.42860912663961137 3.0842965034888543
-0.6728710054372323 5.140304612040339
-2.276979400577395 3.1710948459403836
0.2754251682783515 3.9767827096819515
-9.551819106771562 3.765949878073717
-8.490663757825919 4.408625840143721
-8.84514637512959 4.984852260845848
-1.36386947191887 3.726947320119111
-8.533835655539537 6.386061186415365
-1.3061903383696083 5.197082714171428
-1.290572688777662 3.2558504416354035
-1.6658814370316988 3.6358179459974784
-0.9639858923363083 2.8222132121182373
-9.815199839593337 6.484096651468764
-9.653238896213562 6.418387763659865
-7.925089092742526 6.275004834358179
-1.9835348158065247 4.855104369321469
-0.5882032564604837 5.153618533093382
-0.45473736152695765 5.618473201780156
-1.0046156945786162 5.594258138891835
-1.5992127328289785 4.919454535257891
-8.96001143758655 5.827855605348271
-0.23405242921792968 3.3688750977802293
-1.1355293580943828 4.003768224591502
-1.6910324178035898 4.338743759601008
-6.9705156921039455 5.385642877784732
-8.754942125334274 4.062273548589818
-6.9491660835131075 3.7220492487718007
-0.9240572015266717 5.919887912816285
-9.09075616161133 5.236093616382569
-0.8753867417189038 4.454014412933388
-7.997496512263604 6.710666330461375
-9.610971000686055 5.281510391579617
-7.974331464029925 4.874491158206629
-7.04711305587202 5.755219828506476
-1.9629983880571569 3.8166439004183235
-0.7019208796749862 4.725008190640824
-8.606621747759656 3.698514525519945
-2.744212702636319 4.906775401916815
0.38012943772367014 4.571208258788049
-7.541084519402465 5.45010882086108
-9.544726720515726 4.786167263370554
0.08144357782720224 4.6459929051552855
-7.136514184583351 4.894298668545511
