2
-10.34141094777257 5.93642679782097
-9.755792394827713 3.7571537149072918
-8.365185841026126 7.03661536553605
-6.613778540293711 4.101102202445698
-1.6029302223845145 5.2338441438282075
-7.160575263511524 5.7750651933387545
-1.4719687689869072 5.177493591260201
-0.45852069605767287 3.7231816348928795
-8.543427719277586 5.42311382850534
-1.344692270330893 3.54355901535153
-8.21840619007228 5.747671294287362
-7.73745624587239 4.425459280522123
-9.798475548102086 6.263579529760005
-1.4159351965285265 5.397434833989532
-7.791005273848657 4.858080203395931
-1.4577844278421714 5.9696223507850315
-1.4575217122699837 5.428474376191936
-9.262757241146595 5.600441417708241
-2.060417229288308 4.514165996860017
-9.184887408644396 6.094501267041369
-1.617307371824178 4.414155489305554
-7.688977613218951 6.036689152150426
-1.183045217066493 3.4367686182774326
-7.541084519402465 5.45010882086108
-8.077269706777974 6.769769295012812
-2.449134623800925 3.723629036767637
-8.900678303233896 6.3839278263404005
-0.4618522478915702 6.35297765812723
-9.905538327140146 6.032285291141673
-0.22127437136504668 4.318943587878688
-9.827301766427947 4.655703488159638
-8.606211410087703 5.288899504213412
-1.961841223387383 4.355828708513698
-1.290572688777662 3.2558504416354035
-0.4715509871758302 5.2606603027858805
-6.931351062251903 6.677921690256215
-8.70401235746547 6.593309554245499
-8.31447670004206 6.386174636443027
-1.7417281535769544 6.037169369713851
-3.0922742278988613 3.973976325975587
-0.5423160435001294 3.324225509900517
-9.338324204106602 5.9727461945398685
-1.0082071867773805 5.353581187708036
-0.5882032564604837 5.153618533093382
-8.199374288760893 4.071851312932453
-7.1498581641286005 5.110556517800211
-0.41821982238821054 4.33865750929514
-0.6728710054372323 5.140304612040339
-8.413488364652354 6.574158469897375
-1.0912499139705307 4.300261498629105
-1.1981720568554404 6.087872776134885
-1.9007419972248814 3.6526253636251673
-8.334924137555383 3.9801068356068394
-0.8753867417189038 4.454014412933388
-1.0749576159583176 3.225930920136471
-7.981689753346038 5.567866994860885
-2.7243056685808655 3.579135917785165
-1.190025572008885 4.934354149160765
-1.3596662449261285 4.324591980790527
-10.124909801926695 6.133805201128384
-8.96001143758655 5.827855605348271
-7.500741061740653 5.695395410358557
-2.7074280285031254 5.250788780351734
-8.977076196741951 6.237489010706347
-9.888780031278177 4.952198539029478
-8.774027949321018 4.418393751344087
-6.756104162860621 5.140249051916284
-7.534982443562184 5.745441707903885
-0.29857171382389114 5.077386459428645
-2.8378124954231714 3.4929264045351314
-8.747217018766635 4.774915760786099
-1.6910324178035898 4.338743759601008
-8.469101112967005 5.2532407595524
-1.8430461900505986 4.416049163767481
0.6724910031598428 4.189196492137568
-0.4771551383742647 2.3335106446941563
-8.441014048842272 6.005892127798801
-8.141859997032357 6.333402429179653
-8.784284219127624 5.910429636704854
-7.847205014690385 6.603724224929526
-8.605244262133475 6.4472924818295745
-1.224767682074507 6.023338753034416
-8.659194751672576 6.0368805875581115
-7.698505202010362 5.357421628696658
-0.6124282644514583 5.361562962029528
-1.6206696029068715 3.6955557098205087
0.17318883597664692 6.055076444294215
-0.6627622292269187 2.527323475823704
-8.519220242381502 4.147697145655718
-0.45318116160330435 4.618731252917482
-6.213887225894595 6.467415174056119
-7.509633728129447 5.882012268637083
-3.157182056495002 4.815424921924244
-7.928229592453988 5.7166749624870405
-7.968534838324104 5.3370194296106455
-3.276997900873443 5.076388101205742
-0.998189258197571 3.7168922843823986
-9.290914459349704 5.790683543621212
-1.9075908720052988 3.4462329800172267
-8.082288519018276 4.155254187801354
0.8615718253714952 5.153195049912449
-8.904925368561996 4.955366013300329
-1.552093549806015 4.197646346285717
-1.3738955830616764 3.9387812637345796
-8.677361012571124 3.3069558657074873
-9.513965276306052 5.621153812221479
-7.939386004796859 5.232123316559238
-9.551819106771562 3.765949878073717
0.11117886530750365 2.50993961494557
-1.5995470894090043 3.9258322834971846
-8.666689672870637 3.8203629918437843
-2.25802303730228 3.5860761727337094
-0.7773117385069437 4.350249332214052
-2.631743381997517 5.080884662688485
-8.673988475347572 4.812664560352604
-0.8909346814009362 4.764004715050854
-7.998374657706241 5.025101593252773
-8.166076042865399 7.048960200999754
-8.474724598378787 3.8436515384568724
-8.894100534328217 6.6247471756150595
-2.1962845309194825 3.042538091458221
-1.8246049939783773 3.6025837919631787
-9.303883690591494 4.067977150922957
-9.815199839593337 6.484096651468764
-9.417662595285028 4.338185723751687
-8.773545449848683 6.895261037528966
-6.976195096923273 5.315740608726912
-7.836721379708416 5.728998822064546
-8.083107409231793 4.157168375951355
-2.1751325540289725 5.091986046885327
-9.610971000686055 5.281510391579617
-1.6412069979016022 5.795050477719746
-9.942242634616422 5.585252101408002
-1.9592357246510115 4.332408577816248
-7.267552018405009 6.57893282964026
-9.074916890837272 4.6101906265374195
-1.1985454903955213 5.485590784303518
-9.382460078994242 4.4391887747383985
0.3258477687334478 5.093459404496803
-9.337927316695335 4.983896681322036
-7.8776936592725715 5.544185658779748
-1.3061903383696083 5.197082714171428
-0.09649794910777709 4.5561548249366215
0.42213416241766977 5.0512628534384545
-0.10502840824051685 5.891570349037471
-1.642735793473852 5.314226670957224
-8.37240022730924 5.8509535803576105
-9.935013259139115 6.768837370146462
-8.37715962935656 4.762203474754428
-7.417885913356318 6.164258333429698
-1.6046417954443886 3.139521948626748
-2.180382987365248 4.516871159525854
-6.636039820322731 5.606801444768825
-2.7218891589899474 4.752259416195282
-8.693328717031857 5.371123195045993
-8.49078270803319 6.138114336744337
-8.070274339465321 5.471689006594325
-9.066225805310607 5.637544494529876
-9.190972308891876 6.510638745654768
-1.8212290495453716 5.097463154854228
-0.44907138867880847 5.222766601686566
-2.363866828129363 4.1361447419353805
-0.9632668810665987 2.9146188675385094
-1.1511905451071658 3.9892505516599677
-1.3091132772316403 3.2130650249694015
-0.9266780754128667 4.065408108078715
-8.581821883850235 4.874510063750581
-0.4742374365405908 3.904728148075992
-7.903860864066427 5.9474843190445155
-0.8106967029644543 4.652343057207355
-8.173153797497948 6.817694728770922
-1.7057136830080455 3.1441359488706078
-1.0046156945786162 5.594258138891835
-0.3372022637288272 5.127324427655518
-0.7687074869829508 3.2926644667323353
-10.06208266891125 5.8563486798451505
-10.081047044333811 6.57126863279543
-7.381895410276033 7.3127560916713845
-0.16406501514189897 5.557137800817317
-7.191741587503134 4.647185386714562
-7.198472477854969 5.61773717230155
-1.0866540399038698 3.7567758093478543
-8.9174780430679 5.426192558246333
-8.952252092325422 5.983762382696942
-8.451589473980295 5.169307251246301
-9.541079527083248 5.262532972999253
-1.1767686371603563 4.271677676547067
-1.1355293580943828 4.003768224591502
-8.052787247568164 4.607113586396314
-8.732150545758467 6.736354904896356
-2.3910973358650227 2.6348338168204117
-7.013462439599622 5.660952211148973
-7.136514184583351 4.894298668545511
-1.868440982611227 1.4689874137419485
-8.544289337777307 6.991303161731613
-9.901008972818017 6.322249080001758
-7.424437663177601 5.1819015262822745
0.2754251682783515 3.9767827096819515
0.5701623576379757 3.929337219911993
-0.37559666308797957 4.468690378015571
-1.9161445612847574 4.2591728885196
-9.678054058120589 7.060351472015817
-2.744212702636319 4.906775401916815
-7.7131742420897496 5.509311225992269
-7.480291322574748 6.910637608301887
-9.518998241916123 4.3001671341238525
-7.880706060710961 5.298547790827174
-9.723547782721273 4.100787526375015
0.3768166442283043 4.417119931280568
-9.128626079600823 4.8117703216136825
-1.818084069268962 4.651984693198956
-2.972435032410217 4.964184529056387
-0.1102584738564154 3.791444201799674
-7.994048865009696 4.792224891266024
-9.414113326759798 5.467100194709794
-0.5980301108379211 5.360488318099586
-7.40214985174168 6.5024944628363155
-1.924784774273834 2.9777764032208474
0.8916582376020368 4.629541504677457
-9.597566638974929 5.008613378720029
0.28698182010534135 5.538582181400951
-2.2357933632408287 5.9479762324014525
-0.5317480075200611 6.417916105627366
-8.090712360763344 7.845970897609993
-1.6106337623620304 3.797452495473023
-1.9572853887690997 2.9073077113338295
-7.869202928637389 6.534387545033404
-9.095623728318515 5.789048910081345
-1.5172188748869393 6.12772833989122
-2.2096143503875894 4.503316925860969
-0.23820422281602482 4.821100744043315
0.12983720866747195 6.165754084623349
-9.653238896213562 6.418387763659865
-7.748852239316391 6.674138305108747
-1.3202820392939247 3.2300565201479445
-8.879062067948542 3.3100607428305704
-2.4822273288923395 3.483457743201867
-0.8062144851153838 3.3734210249168406
-1.425976685704235 3.310132682770732
-8.029287676067188 5.417327467392599
0.38012943772367014 4.571208258788049
0.24098359815159776 6.030374473998881
-1.5265072674682854 5.873303069493907
-6.291874645322162 4.7682486878520045
-7.527985362871273 4.15394791237974
-0.6746388394086817 3.98084698609442
-1.4400000092169507 5.500338984753244
-0.10574186200835722 4.63979437146939
-2.366137409082485 3.415459411504724
-0.23405242921792968 3.3688750977802293
-2.2202029519523108 5.235230763623697
-7.328518294051223 5.251171662328271
-2.3538146127705026 4.761287886635438
0.3088415488492602 2.1257446251670093
-8.200395394589831 4.849310108856767
-8.490663757825919 4.408625840143721
-7.987499015279154 5.028903574283796
-2.4661802915059243 4.153875585328823
-0.8050810009783727 3.437664241029899
-0.92080458154821 4.542447150431759
-2.4961945112478143 7.063948969414375
-6.874201782590535 5.348891343871202
-8.57344484441572 7.297913141548974
-1.7477756259408492 4.531506988423129
0.03262762942314801 4.7708482996861905
-9.589001870641882 5.24454467089093
-1.5657976739641188 2.988899593947659
-8.782438451158233 4.651028147618925
-1.8015701954680194 3.0768461734916754
-1.9433995874859984 3.498937667653479
-2.159631081315001 4.147901951194511
0.11808911173731484 2.8565386422763535
0.6650222088856832 5.3680127062628715
-1.0961079082030378 5.327503430705788
-2.6706031650208546 3.3029760694787287
-9.06158859647065 3.4760263727696015
-7.6331009703773205 5.418389443549943
-9.350156641033657 3.8190671306131367
-7.819128508817746 6.492728149622826
-10.157231056158945 6.613390780263183
-1.36386947191887 3.726947320119111
-1.4156254915612168 3.055956934495807
-8.79724583616486 5.752720831229858
-9.042554107109892 5.457525041918287
-0.06558222519595991 4.035979710576605
-8.941992398172243 4.602359936087929
-0.22826030000258446 5.027459559574639
-6.9442545791277 6.267794038211954
-7.919253900628968 5.722256750089331
-9.114809770060655 6.280235664893945
-9.667426134779038 4.5483590337269195
-0.181134796503704 5.336332492178862
-7.547532414577891 5.549373550963712
-0.42860912663961137 3.0842965034888543
-9.037127071242198 3.384706083153875
-8.002056453394074 4.4968762180772215
-1.0381653665566217 4.627503749387988
-0.6877576043328941 4.190701215656327
-7.12754493606127 5.908064962336812
-1.6658814370316988 3.6358179459974784
-8.35183558928706 7.377402076026729
-8.394337491950862 6.121797403871924
-1.2533398406001104 5.774138385909002
-7.974331464029925 4.874491158206629
-0.9639858923363083 2.8222132121182373
-8.835502525185822 6.38688041891929
0.7247050131968304 2.219672337516127
-8.815951235947718 5.126449192668772
-7.925089092742526 6.275004834358179
-8.669861524828821 5.007606025939157
-7.674144475527958 4.7053743248488065
-1.5670029130782206 5.213316792146944
-8.640783949252443 5.368571912111522
-8.994806547825169 5.808097901778893
-9.088892756723073 6.363071949846761
-10.779017486122063 6.501781833767728
-0.6329275888227142 3.4219032470846615
-3.5013197326307695 3.8523783034108647
-1.336189419122192 4.481132076201135
-0.9656734714163833 4.708569423339316
-9.499911775233102 5.27674099277894
-7.229192439553031 6.412297280366231
-0.058004601749764406 2.035214485445081
-1.1526754359107483 5.765879618010033
-0.3469274176743542 3.5601853097894756
0.07196294278218418 5.349242212108795
-0.809819130345969 6.566429565295225
-1.5992127328289785 4.919454535257891
-0.45473736152695765 5.618473201780156
-7.291498985691186 4.419871775979718
-0.39389353802079474 3.2945855302454112
-10.030121859369547 6.357101045356778
-9.221223603511914 4.815792951100879
-7.835581752846359 5.820057683376765
-7.9959085168616495 5.2847413061677475
-8.860974155807245 7.627448065563405
-10.77308309043006 5.672207702377235
-8.667690529475086 6.295669954581869
-8.761818079041637 5.898184197072193
-8.298178665411067 4.414837727892453
-8.86422069388242 4.752453207674485
-8.564815478553625 6.552491052524358
-7.8880493698366445 4.001818031534155
-6.691204952879801 4.533992535218373
-1.9835348158065247 4.855104369321469
-1.613937431756869 5.051712153970727
-5.612767021798097 4.988285798708914
-8.556946518405464 5.670883528437322
-6.8142729365537775 4.861701673222526
-9.14747939989693 5.542508394752219
-0.6091860268091484 4.317905125504627
-8.842652680968703 3.6920059662718248
-6.571906068121024 2.774545278440904
-8.582687894366854 6.122887677461535
-1.3507712432933157 3.971079477555259
-1.1674377769200919 3.6385415472187392
-1.4941423535375966 3.1875456366883133
-1.6973585418465613 5.041876483914647
-0.5706611567815549 5.748948990962049
-0.4565916486795457 3.6962286009925203
-1.0300337888091864 5.492283861937279
-8.716583291193404 4.145134432311503
-1.6999909459499583 4.808208504353947
-9.915377929159321 4.254747279911826
-8.651117079845504 5.761600882889965
-0.5708434286977772 3.7172793410370555
-2.9755835810901448 4.340081394078625
-8.492940604140918 6.226743881106077
0.01776234225202522 6.157689353170302
-2.5560487517722414 5.908627659248411
-9.544726720515726 4.786167263370554
-8.549648078826774 6.3796776558527855
-0.21019235456106578 3.3733250942169937
-3.1463556151697407 4.577572767464616
-8.38567928792246 4.261855294846598
-9.84369393150005 6.329530230229683
-10.182173415687911 3.7952771863225516
-0.8154078361886385 4.05092173819574
-7.985551956404876 2.8368583767319024
-7.452864961717383 5.102513916188155
-1.569948730291462 4.078440670803717
-8.523506475280485 6.31693260498213
0.04284679520689805 4.301941022038695
-10.384583090143051 6.234788703781612
-0.85565517277933 3.972656643445311
-2.548076015266746 2.4546560570134908
-8.734098135197732 5.829835633194796
-2.10906664823238 5.127857794592707
-1.8603370732834132 3.791864318740623
-8.56860966296075 6.791461767146304
-1.413505628752137 5.442040059297136
-0.7793880232115031 4.764486150607778
-8.43541629158566 6.08819798193422
-0.35757089695085054 3.2265715145622225
-0.06523621530008228 4.499913201793827
-9.216387737725423 6.670845976377788
-0.6653704912737546 4.807233765042858
-1.043165145206285 5.762740360704284
-11.556338978238518 4.080375350840854
-1.726031180261235 5.859277806213494
-1.0410978611195318 4.197319506273589
-0.31090144738299286 3.2771508259965927
-1.4000736351284992 5.271841151169464
-9.17042522817946 6.181346148088248
-1.7869384004374278 5.64256720116059
-9.13854978600458 4.214579543297987
-8.533835655539537 6.386061186415365
0.02723069765810271 5.484150285606931
-1.9673632132846737 3.9280429842746223
-9.756444826912471 7.2746834390927
-7.185630653762463 5.010113038739986
-2.4774245488833255 3.6419186785827296
-1.9940441482451434 5.160660056901845
-7.110610823954795 5.638305656473228
-8.999263931993776 5.882684778134424
-0.7797912641216967 4.410097050335676
-0.6774870510764229 4.013367935519914
-6.9491660835131075 3.7220492487718007
-2.3617210396082653 5.084752465919173
-9.099263186487615 5.426827583606571
-8.357274272785487 3.7445699732945865
-0.9999581740123433 5.395446444522601
-1.561518115874108 3.9619295877798986
-0.0880018936364344 2.772316555595205
-0.12541303218310018 5.205993144448088
-9.160843455911126 4.250063384642366
-0.4801479221156125 6.01434146820399
-6.7943148049195266 4.995865229858984
-7.335277598189017 5.435127450617469
-6.9705156921039455 5.385642877784732
-0.03442340993699444 4.3265624891212155
-0.7347636619079749 4.84579648841259
-8.600743361531547 5.079238543654067
-9.121939505413216 7.3459530841509375
-9.235858880072163 5.902683014731169
-8.754942125334274 4.062273548589818
-2.1515611355920248 3.177929871708677
-1.6362530403949773 4.997923241833833
-9.156206563151432 5.220956808026198
-8.57304344281366 5.4627313062471075
-10.242605912600546 5.375425688356792
-9.76035126996302 5.865136762515391
-1.1783907292827331 3.6190696093289416
-1.9609490597688124 4.57591276923834
-8.668715715329146 6.190761087403751
-1.85750872096603 5.486719081483903
-10.42581231106598 5.971706628618981
-0.5854440875175858 4.490769947355022
-0.7582498036890845 5.355183747526409
-8.84514637512959 4.984852260845848
0.662320732336549 2.760673920458162
-1.4929880046604773 3.3933166172497122
-8.981141502105077 5.467136024138008
-9.908797678556411 6.099999967983334
-8.295543970914895 7.338722140195117
-6.823134521334381 5.752711380258651
-9.004687964445495 4.476413456596713
-0.9931067421646125 4.520634776889203
-1.2508220399762966 3.8291656807032712
-0.8676863282812988 4.583337335919354
0.5233886601982933 6.163802256609074
-6.561815350188915 5.835677691439487
-1.8957331424564305 4.507963908810847
-1.6027011483609803 4.631114861727511
-7.04711305587202 5.755219828506476
-1.6873388921985566 3.140860978358414
-9.329507996902391 6.096575389144337
-0.9915920794840236 4.234085156975043
-8.989876712662882 5.907536697495252
-1.2560676900270689 5.550277336813705
-10.538249015642032 4.9362165051354845
-8.857257335452369 4.708518983781543
-7.79060549279866 5.178440913211997
-1.3834004810770746 2.7005665953951943
-1.4325346234573588 4.036659208358602
-1.208367816379566 3.329364241310177
-9.717351726376872 5.083448622098582
-9.358879151100597 5.31121794564833
0.0898222771206365 4.164350811935596
-0.9974973159520308 4.39468743268328
1.2789960119216297 4.944424736756832
-7.905772325192874 4.8455386483808285
-0.16158332658919483 3.8033432348969933
-7.413708663100982 2.8035910830477113
-1.9570623219115935 3.8971123239462555
-10.5264697207962 7.6621713958651405
-0.5111686618510332 6.055416803428525
-8.053033233746213 6.370353273804643
-0.6000968038519019 4.642015257589399
-1.2809408250487813 5.098441742408964
-6.707673334591522 5.268962092889228
1.1315643900123975 5.107140667077923
-8.606621747759656 3.698514525519945
-0.33410327592790057 3.593977820254085
-7.985208796628171 5.960565845753385
-1.1910443541328795 3.9928680070081204
-1.458513310450256 4.700729635153316
0.3879881619914365 4.821784687862563
-1.2239003668335504 3.4216598630930104
-0.007158258082321511 6.633575619963584
-0.9085080227892917 3.6507810070531237
-8.173720306790063 6.409144130589811
-0.6391356594785714 6.821170857128646
-1.4558536769850865 4.99505777373273
-8.37812324295435 5.358336066779614
-8.160185644343736 5.199682563197799
-5.8352954105203585 7.580561175286842
-7.51275774890735 6.159153017037238
-0.5252618936584186 3.8626217763999713
-7.391427452797641 4.790978163273133
-1.8918451231383135 3.9413497197747023
-9.09075616161133 5.236093616382569
-8.581501285994184 4.196951175074916
-9.403158027627095 6.010172675918271
-3.583741324918921 5.151940244869487
-7.4561762068573625 6.198874360721843
-8.486076399127299 5.522712383315227
0.4928305250463272 5.516835213750951
-1.6227744489111742 4.129463140920302
-2.3345730969186924 4.6827163478221845
-9.12787335710101 4.401753058731496
-1.9629983880571569 3.8166439004183235
-9.77266409647925 5.895320554175816
-7.943939721013713 5.854080478824293
-8.204422582012969 5.07377122540144
0.023545188766439296 3.423230623872856
-8.179020508675313 4.86212655399805
-10.239274880179183 5.975434202862509
-1.5025061713941166 3.9314947548584698
-8.14408436439313 5.42455226178548
-8.486828683978473 6.991375974798796
-0.28360464139159125 4.603955840123642
-8.058331598222846 4.674831188089075
-2.3145524545439917 3.002527085573756
-10.115267182759474 6.769376838136366
-3.1010956101846414 2.6884885054844965
-0.16410269343037842 5.53191372778235
-2.140071223685305 3.5640619885273894
-1.8748461385529376 4.0263968299530255
-7.997496512263604 6.710666330461375
-1.8180856969571544 4.502332297115363
0.2963692452078037 4.046807026857771
-1.750948373295872 4.918590998440989
-8.45934526754458 3.8047271030019143
-1.7771543820124536 4.728294185699967
-8.151316455862064 4.159289273589037
-1.469469644696297 4.390743276588987
-9.042290067315621 5.1725814423071625
-9.70735815624842 5.781276546417059
-1.8157014924041515 5.668243816622198
