2
-9.942242634616422 5.585252101408002
-8.474724598378787 3.8436515384568724
-9.004687964445495 4.476413456596713
-9.70735815624842 5.781276546417059
-6.819884678921056 6.180335141621923
-0.06558222519595991 4.035979710576605
-6.613778540293711 4.101102202445698
-9.074916890837272 4.6101906265374195
-0.10502840824051685 5.891570349037471
-8.31447670004206 6.386174636443027
-7.51275774890735 6.159153017037238
-0.8154078361886385 4.05092173819574
-9.597566638974929 5.008613378720029
-1.8603370732834132 3.791864318740623
-8.083107409231793 4.157168375951355
-7.335277598189017 5.435127450617469
-1.3739508690412228 4.026054964564464
-8.857257335452369 4.708518983781543
-7.12754493606127 5.908064962336812
-8.56860966296075 6.791461767146304
-2.4376593658929573 4.950659394607109
-10.5264697207962 7.6621713958651405
-6.576996632453043 6.4970849944463405
-7.847205014690385 6.603724224929526
-1.4325346234573588 4.036659208358602
-0.6391356594785714 6.821170857128646
-2.2534171994306234 4.660485735915646
-7.79060549279866 5.178440913211997
-0.5854440875175858 4.490769947355022
-0.6877576043328941 4.190701215656327
-7.579221105067553 6.256396715838987
-0.4715509871758302 5.2606603027858805
-8.659194751672576 6.0368805875581115
-2.9755835810901448 4.340081394078625
-1.9007419972248814 3.6526253636251673
-10.124909801926695 6.133805201128384
-2.2096143503875894 4.503316925860969
-1.3061903383696083 5.197082714171428
-8.160185644343736 5.199682563197799
-1.4515047621612427 1.2137883197634647
-9.184887408644396 6.094501267041369
-8.894100534328217 6.6247471756150595
0.12983720866747195 6.165754084623349
-8.199374288760893 4.071851312932453
-0.8106967029644543 4.652343057207355
-2.7243056685808655 3.579135917785165
-0.5018794513567785 4.524919240882047
-1.391525849695067 4.6205645143893985
-7.110610823954795 5.638305656473228
-6.707673334591522 5.268962092889228
-8.606211410087703 5.288899504213412
-8.357274272785487 3.7445699732945865
-1.458513310450256 4.700729635153316
-1.0506222708969768 4.702546492722683
-6.561815350188915 5.835677691439487
-1.6027011483609803 4.631114861727511
-0.7773117385069437 4.350249332214052
-2.366137409082485 3.415459411504724
-8.151316455862064 4.159289273589037
-0.442071335311347 2.984150734607187
-9.235858880072163 5.902683014731169
-0.9632668810665987 2.9146188675385094
-10.34141094777257 5.93642679782097
-7.698505202010362 5.357421628696658
-9.518998241916123 4.3001671341238525
-1.12110888399399 3.375578015875866
-0.5252618936584186 3.8626217763999713
-8.179020508675313 4.86212655399805
-0.8909346814009362 4.764004715050854
-10.384583090143051 6.234788703781612
-1.818084069268962 4.651984693198956
-1.6362530403949773 4.997923241833833
-0.6774870510764229 4.013367935519914
-3.276997900873443 5.076388101205742
0.11117886530750365 2.50993961494557
-9.303883690591494 4.067977150922957
-0.9085080227892917 3.6507810070531237
-8.900678303233896 6.3839278263404005
-7.981689753346038 5.567866994860885
-7.013462439599622 5.660952211148973
-1.5995470894090043 3.9258322834971846
-8.657644332899944 4.185029222679276
0.02723069765810271 5.484150285606931
-0.6329275888227142 3.4219032470846615
-9.653238896213562 6.418387763659865
-0.9931067421646125 4.520634776889203
-7.8776936592725715 5.544185658779748
-0.22127437136504668 4.318943587878688
-1.0300337888091864 5.492283861937279
-9.358879151100597 5.31121794564833
-7.403602167927922 4.932415523080462
-9.798475548102086 6.263579529760005
-3.583741324918921 5.151940244869487
-9.337927316695335 4.983896681322036
-1.8430461900505986 4.416049163767481
-7.527985362871273 4.15394791237974
-8.96001143758655 5.827855605348271
-1.1796358778043017 4.331608811056134
-1.485592637086326 3.7877603968911884
-8.592790084632043 5.100151765738728
-7.928229592453988 5.7166749624870405
-8.37240022730924 5.8509535803576105
-2.3145524545439917 3.002527085573756
-1.6999909459499583 4.808208504353947
-1.344692270330893 3.54355901535153
-7.198472477854969 5.61773717230155
-0.42860912663961137 3.0842965034888543
-6.874201782590535 5.348891343871202
-0.058004601749764406 2.035214485445081
-9.827301766427947 4.655703488159638
-0.809819130345969 6.566429565295225
-0.2731409649478329 3.4968813561245735
-0.7797912641216967 4.410097050335676
-2.25802303730228 3.5860761727337094
-1.750948373295872 4.918590998440989
0.4928305250463272 5.516835213750951
-2.744212702636319 4.906775401916815
-1.4929880046604773 3.3933166172497122
0.38012943772367014 4.571208258788049
-8.334924137555383 3.9801068356068394
-8.486076399127299 5.522712383315227
-0.16410269343037842 5.53191372778235
-2.7218891589899474 4.752259416195282
-1.6910324178035898 4.338743759601008
-2.8378124954231714 3.4929264045351314
-8.782438451158233 4.651028147618925
-7.541084519402465 5.45010882086108
-9.935013259139115 6.768837370146462
-1.1355293580943828 4.003768224591502
-8.693328717031857 5.371123195045993
-9.603739880946993 6.213824754102642
-0.7687074869829508 3.2926644667323353
-8.002056453394074 4.4968762180772215
-0.5155957975362637 5.1826319476314096
-0.9656734714163833 4.708569423339316
-1.3834004810770746 2.7005665953951943
-1.8157014924041515 5.668243816622198
-0.3328863969982474 3.187773011509025
-8.365185841026126 7.03661536553605
-7.836721379708416 5.728998822064546
-9.610971000686055 5.281510391579617
-1.469469644696297 4.390743276588987
-1.6873388921985566 3.140860978358414
-0.6746388394086817 3.98084698609442
-8.450386657718292 4.458436529493646
-0.9102691785357786 6.703211785388438
-8.053033233746213 6.370353273804643
-9.095623728318515 5.789048910081345
-1.6658814370316988 3.6358179459974784
-0.7793880232115031 4.764486150607778
0.7966445545079002 4.917310188762825
-10.182173415687911 3.7952771863225516
0.5900282517237379 2.924717410152008
-9.403158027627095 6.010172675918271
-7.998374657706241 5.025101593252773
-1.642735793473852 5.314226670957224
-6.571906068121024 2.774545278440904
-1.4575217122699837 5.428474376191936
-7.417885913356318 6.164258333429698
-1.0749576159583176 3.225930920136471
-1.617307371824178 4.414155489305554
-0.92080458154821 4.542447150431759
-8.490663757825919 4.408625840143721
-2.5560487517722414 5.908627659248411
-1.8957331424564305 4.507963908810847
-10.115267182759474 6.769376838136366
-1.4719687689869072 5.177493591260201
-8.904925368561996 4.955366013300329
-6.756104162860621 5.140249051916284
-8.784284219127624 5.910429636704854
-7.509633728129447 5.882012268637083
-0.9266780754128667 4.065408108078715
-10.42581231106598 5.971706628618981
0.7247050131968304 2.219672337516127
-1.4400000092169507 5.500338984753244
-9.59583345410923 5.890360174818907
-8.673988475347572 4.812664560352604
-2.363866828129363 4.1361447419353805
-2.3345730969186924 4.6827163478221845
-0.5111686618510332 6.055416803428525
-8.35183558928706 7.377402076026729
-0.9864165265112383 4.819153670286882
-1.1981720568554404 6.087872776134885
-7.185630653762463 5.010113038739986
-7.943939721013713 5.854080478824293
-1.5657976739641188 2.988899593947659
-8.556946518405464 5.670883528437322
-1.7355025565310056 4.719489723874732
-9.901008972818017 6.322249080001758
-7.985551956404876 2.8368583767319024
-10.242605912600546 5.375425688356792
-8.394694277249474 6.894951906193502
-9.544726720515726 4.786167263370554
-1.5025061713941166 3.9314947548584698
0.8916582376020368 4.629541504677457
-7.540590555162618 6.206458747612114
-7.2093912119155785 5.8999205878696594
0.03057286204208287 4.375932213878585
-1.425976685704235 3.310132682770732
-0.1102584738564154 3.791444201799674
-9.262757241146595 5.600441417708241
-9.756444826912471 7.2746834390927
-2.7074280285031254 5.250788780351734
-0.0783617530708276 5.683163654771979
-1.9075908720052988 3.4462329800172267
-11.556338978238518 4.080375350840854
-0.9915920794840236 4.234085156975043
0.3879881619914365 4.821784687862563
-9.513965276306052 5.621153812221479
-1.9187929893698987 2.7290433933853095
-7.413708663100982 2.8035910830477113
-2.10906664823238 5.127857794592707
-7.391427452797641 4.790978163273133
-9.114809770060655 6.280235664893945
-8.84514637512959 4.984852260845848
-7.534982443562184 5.745441707903885
-2.1515611355920248 3.177929871708677
-8.519220242381502 4.147697145655718
-1.7417281535769544 6.037169369713851
-0.007158258082321511 6.633575619963584
-8.413488364652354 6.574158469897375
-7.748852239316391 6.674138305108747
-0.8753867417189038 4.454014412933388
-8.606621747759656 3.698514525519945
-1.190025572008885 4.934354149160765
-3.465196194814732 5.663528115216895
-9.338324204106602 5.9727461945398685
-1.0082071867773805 5.353581187708036
-7.974331464029925 4.874491158206629
-0.7677698489231364 3.670767646308348
-2.4961945112478143 7.063948969414375
-1.9609490597688124 4.57591276923834
-8.57344484441572 7.297913141548974
-0.09649794910777709 4.5561548249366215
-9.190972308891876 6.510638745654768
-0.10574186200835722 4.63979437146939
-1.9161445612847574 4.2591728885196
-0.23820422281602482 4.821100744043315
-0.5708434286977772 3.7172793410370555
-9.329507996902391 6.096575389144337
-8.977076196741951 6.237489010706347
-9.755792394827713 3.7571537149072918
-9.77266409647925 5.895320554175816
-8.581821883850235 4.874510063750581
-0.5825021582839452 3.00075045522223
-2.1962845309194825 3.042538091458221
-8.37812324295435 5.358336066779614
-6.7943148049195266 4.995865229858984
-2.4774245488833255 3.6419186785827296
-9.156206563151432 5.220956808026198
-10.157231056158945 6.613390780263183
-1.8254671602306811 3.26701152546959
-1.867627047925645 4.189839314637032
-2.159631081315001 4.147901951194511
-6.636039820322731 5.606801444768825
-1.45025311384678 4.661759208325746
-7.381895410276033 7.3127560916713845
-1.36386947191887 3.726947320119111
-7.903860864066427 5.9474843190445155
-2.1751325540289725 5.091986046885327
-8.173720306790063 6.409144130589811
-8.45934526754458 3.8047271030019143
-9.815199839593337 6.484096651468764
-1.7057136830080455 3.1441359488706078
0.16374460374103483 2.4614224624492334
-9.2093820546234 5.057115272458091
0.24098359815159776 6.030374473998881
-10.239274880179183 5.975434202862509
-0.45318116160330435 4.618731252917482
-8.070274339465321 5.471689006594325
-7.73745624587239 4.425459280522123
-1.2239003668335504 3.4216598630930104
-2.2202029519523108 5.235230763623697
-1.8246049939783773 3.6025837919631787
0.9607632741909482 5.3623836086019026
-2.6036879697935076 2.9244302113048617
-1.1783907292827331 3.6190696093289416
-3.5013197326307695 3.8523783034108647
-10.06208266891125 5.8563486798451505
-8.082288519018276 4.155254187801354
-0.7347636619079749 4.84579648841259
-7.160575263511524 5.7750651933387545
-1.6106337623620304 3.797452495473023
-8.666689672870637 3.8203629918437843
-1.3738955830616764 3.9387812637345796
-1.6046417954443886 3.139521948626748
-9.042290067315621 5.1725814423071625
-0.6786955433912029 4.565024015454907
0.023545188766439296 3.423230623872856
-0.5980301108379211 5.360488318099586
-6.213887225894595 6.467415174056119
-1.4941423535375966 3.1875456366883133
0.01762085655712342 1.3925826917546087
-6.9705156921039455 5.385642877784732
-8.543427719277586 5.42311382850534
-7.452864961717383 5.102513916188155
-1.3596662449261285 4.324591980790527
-8.747217018766635 4.774915760786099
-7.939386004796859 5.232123316559238
-2.3910973358650227 2.6348338168204117
-9.037127071242198 3.384706083153875
-8.952252092325422 5.983762382696942
-8.409456618258819 4.767613835402209
-1.8180856969571544 4.502332297115363
-9.678054058120589 7.060351472015817
-9.185418428824725 4.628009955836948
-6.931351062251903 6.677921690256215
-1.0912499139705307 4.300261498629105
-1.0000386768792002 2.8522809605548702
-1.8748461385529376 4.0263968299530255
-7.500741061740653 5.695395410358557
-1.9570623219115935 3.8971123239462555
-1.5265072674682854 5.873303069493907
-1.2809408250487813 5.098441742408964
-7.40214985174168 6.5024944628363155
-8.774027949321018 4.418393751344087
-9.128626079600823 4.8117703216136825
-7.1498581641286005 5.110556517800211
-0.8050810009783727 3.437664241029899
-1.2508220399762966 3.8291656807032712
-0.33410327592790057 3.593977820254085
-8.077269706777974 6.769769295012812
-1.0046156945786162 5.594258138891835
-0.0880018936364344 2.772316555595205
-6.5695278381788835 5.318268780321037
0.0898222771206365 4.164350811935596
-0.44907138867880847 5.222766601686566
-9.382460078994242 4.4391887747383985
-9.76035126996302 5.865136762515391
-8.441014048842272 6.005892127798801
-8.141859997032357 6.333402429179653
-7.968534838324104 5.3370194296106455
-2.972435032410217 4.964184529056387
-0.3469274176743542 3.5601853097894756
-8.773545449848683 6.895261037528966
0.662320732336549 2.760673920458162
-8.052787247568164 4.607113586396314
-8.754942125334274 4.062273548589818
-0.5317480075200611 6.417916105627366
-8.166076042865399 7.048960200999754
-8.200395394589831 4.849310108856767
-0.35757089695085054 3.2265715145622225
-2.4822273288923395 3.483457743201867
1.1315643900123975 5.107140667077923
-1.4558536769850865 4.99505777373273
-9.121939505413216 7.3459530841509375
-1.3756996785979465 5.200013692487849
-9.290914459349704 5.790683543621212
-8.716583291193404 4.145134432311503
-9.028957241776155 6.771639489344059
-9.84369393150005 6.329530230229683
-10.081047044333811 6.57126863279543
-9.088892756723073 6.363071949846761
-0.37559666308797957 4.468690378015571
-8.14408436439313 5.42455226178548
-9.551819106771562 3.765949878073717
-8.582687894366854 6.122887677461535
-8.498086531365795 6.679349624997174
-7.791005273848657 4.858080203395931
-1.8015701954680194 3.0768461734916754
-7.907389332612481 5.9363060532263265
-8.204422582012969 5.07377122540144
-10.538249015642032 4.9362165051354845
-1.6412069979016022 5.795050477719746
-7.987499015279154 5.028903574283796
-9.541079527083248 5.262532972999253
0.5701623576379757 3.929337219911993
-7.997496512263604 6.710666330461375
0.5233886601982933 6.163802256609074
-2.060417229288308 4.514165996860017
-9.888780031278177 4.952198539029478
-6.976195096923273 5.315740608726912
-8.49078270803319 6.138114336744337
-1.7771543820124536 4.728294185699967
-1.0961079082030378 5.327503430705788
-3.1463556151697407 4.577572767464616
-1.413505628752137 5.442040059297136
-8.581501285994184 4.196951175074916
-0.8749995381477542 4.931899052059431
-7.267552018405009 6.57893282964026
-5.612767021798097 4.988285798708914
-7.688977613218951 6.036689152150426
-8.668715715329146 6.190761087403751
-3.1010956101846414 2.6884885054844965
-1.1767686371603563 4.271677676547067
-8.605244262133475 6.4472924818295745
-2.449134623800925 3.723629036767637
0.2963692452078037 4.046807026857771
0.6910755253824585 4.581347999480978
-1.0410978611195318 4.197319506273589
-8.669861524828821 5.007606025939157
-0.28360464139159125 4.603955840123642
-8.600743361531547 5.079238543654067
-0.06523621530008228 4.499913201793827
0.28698182010534135 5.538582181400951
-0.4771551383742647 2.3335106446941563
-0.9015523984540157 3.740288692516709
-1.9592357246510115 4.332408577816248
-8.734098135197732 5.829835633194796
-0.9999581740123433 5.395446444522601
-0.6728710054372323 5.140304612040339
-8.523506475280485 6.31693260498213
-1.6973585418465613 5.041876483914647
-9.908797678556411 6.099999967983334
-0.181134796503704 5.336332492178862
-8.860974155807245 7.627448065563405
-1.8802132861553185 5.116868767926539
-1.4000736351284992 5.271841151169464
-9.066225805310607 5.637544494529876
-0.5423160435001294 3.324225509900517
-9.905538327140146 6.032285291141673
-7.994048865009696 4.792224891266024
-3.0922742278988613 3.973976325975587
-8.43541629158566 6.08819798193422
-8.79724583616486 5.752720831229858
-0.85565517277933 3.972656643445311
-8.492940604140918 6.226743881106077
-1.1511905451071658 3.9892505516599677
-9.717351726376872 5.083448622098582
-8.844949063723242 6.3629164320116764
-8.677361012571124 3.3069558657074873
-9.216387737725423 6.670845976377788
-8.533835655539537 6.386061186415365
0.11808911173731484 2.8565386422763535
-7.4561762068573625 6.198874360721843
-1.5992127328289785 4.919454535257891
-1.290572688777662 3.2558504416354035
0.2754251682783515 3.9767827096819515
-1.8212290495453716 5.097463154854228
-8.173153797497948 6.817694728770922
-8.70401235746547 6.593309554245499
-2.631743381997517 5.080884662688485
-1.4159351965285265 5.397434833989532
-2.1369754586146072 4.791617960945082
-0.45852069605767287 3.7231816348928795
-1.9940441482451434 5.160660056901845
-0.998189258197571 3.7168922843823986
-7.424437663177601 5.1819015262822745
-0.8676863282812988 4.583337335919354
-8.651117079845504 5.761600882889965
-1.552093549806015 4.197646346285717
-7.191741587503134 4.647185386714562
-7.136514184583351 4.894298668545511
-2.2357933632408287 5.9479762324014525
-8.21840619007228 5.747671294287362
-8.9174780430679 5.426192558246333
-0.39389353802079474 3.2945855302454112
-8.451589473980295 5.169307251246301
-1.1910443541328795 3.9928680070081204
-1.4577844278421714 5.9696223507850315
-7.812679998120282 6.878021279145518
-1.613937431756869 5.051712153970727
-8.732150545758467 6.736354904896356
-1.183045217066493 3.4367686182774326
-0.9974973159520308 4.39468743268328
-8.37715962935656 4.762203474754428
0.8615718253714952 5.153195049912449
-1.868440982611227 1.4689874137419485
-8.544289337777307 6.991303161731613
-8.328672881242596 4.885848097531324
-8.981141502105077 5.467136024138008
-9.160843455911126 4.250063384642366
-8.469101112967005 5.2532407595524
-7.985208796628171 5.960565845753385
-9.417662595285028 4.338185723751687
-9.099263186487615 5.426827583606571
-8.029287676067188 5.417327467392599
-1.9629983880571569 3.8166439004183235
-6.8142729365537775 4.861701673222526
-7.7131742420897496 5.509311225992269
-7.480291322574748 6.910637608301887
-9.13854978600458 4.214579543297987
-1.7477756259408492 4.531506988423129
-7.880706060710961 5.298547790827174
-9.723547782721273 4.100787526375015
-0.22826030000258446 5.027459559574639
-0.19870119227642524 5.0229015749008745
-10.779017486122063 6.501781833767728
-8.999263931993776 5.882684778134424
-1.7791305509136617 4.286637930949076
-1.6206696029068715 3.6955557098205087
0.3258477687334478 5.093459404496803
-9.414113326759798 5.467100194709794
-1.924784774273834 2.9777764032208474
0.07196294278218418 5.349242212108795
-7.835581752846359 5.820057683376765
-8.38567928792246 4.261855294846598
-3.157182056495002 4.815424921924244
-8.295543970914895 7.338722140195117
-0.31090144738299286 3.2771508259965927
-8.941992398172243 4.602359936087929
-8.090712360763344 7.845970897609993
-2.548076015266746 2.4546560570134908
-1.561518115874108 3.9619295877798986
-7.869202928637389 6.534387545033404
-9.499911775233102 5.27674099277894
-1.9572853887690997 2.9073077113338295
-9.17042522817946 6.181346148088248
-1.0749576427522287 4.647553216689498
-0.7582498036890845 5.355183747526409
-1.961841223387383 4.355828708513698
-2.180382987365248 4.516871159525854
-9.915377929159321 4.254747279911826
-8.879062067948542 3.3100607428305704
-8.989876712662882 5.907536697495252
-0.8062144851153838 3.3734210249168406
-0.47133259914186376 3.258195964860502
-9.042554107109892 5.457525041918287
-9.09075616161133 5.236093616382569
-8.486828683978473 6.991375974798796
-1.9835348158065247 4.855104369321469
-0.5882032564604837 5.153618533093382
-6.291874645322162 4.7682486878520045
-1.043165145206285 5.762740360704284
0.04284679520689805 4.301941022038695
-7.905772325192874 4.8455386483808285
-6.9491660835131075 3.7220492487718007
-7.328518294051223 5.251171662328271
-7.819128508817746 6.492728149622826
-8.57304344281366 5.4627313062471075
-1.1985454903955213 5.485590784303518
-1.569948730291462 4.078440670803717
-9.14747939989693 5.542508394752219
0.17318883597664692 6.055076444294215
-1.336189419122192 4.481132076201135
-2.0749929836377032 4.03492135381898
-7.904781070565646 3.656395764007173
-1.2010962080487562 4.90508969180004
-9.12787335710101 4.401753058731496
0.3088415488492602 2.1257446251670093
-9.589001870641882 5.24454467089093
-2.319187839401718 4.352073387868675
-0.4565916486795457 3.6962286009925203
-0.6124282644514583 5.361562962029528
-0.4618522478915702 6.35297765812723
-0.4742374365405908 3.904728148075992
-9.06158859647065 3.4760263727696015
-7.6331009703773205 5.418389443549943
-9.350156641033657 3.8190671306131367
-7.9959085168616495 5.2847413061677475
-1.5172188748869393 6.12772833989122
-8.842652680968703 3.6920059662718248
-6.9442545791277 6.267794038211954
-7.919253900628968 5.722256750089331
-0.45473736152695765 5.618473201780156
-9.667426134779038 4.5483590337269195
-0.16406501514189897 5.557137800817317
-0.12541303218310018 5.205993144448088
-1.224767682074507 6.023338753034416
-10.77308309043006 5.672207702377235
-7.547532414577891 5.549373550963712
-7.674144475527958 4.7053743248488065
-1.85750872096603 5.486719081483903
-7.04711305587202 5.755219828506476
-1.726031180261235 5.859277806213494
-0.6000968038519019 4.642015257589399
-1.0381653665566217 4.627503749387988
-2.140071223685305 3.5640619885273894
-6.823134521334381 5.752711380258651
-8.394337491950862 6.121797403871924
-1.6227744489111742 4.129463140920302
-0.9684033078769336 4.364524673166197
-1.2533398406001104 5.774138385909002
-1.8918451231383135 3.9413497197747023
0.15155410862648488 5.496551436134447
-0.41821982238821054 4.33865750929514
-8.835502525185822 6.38688041891929
-8.815951235947718 5.126449192668772
-7.925089092742526 6.275004834358179
0.07155602991450949 4.1761968484662955
-0.6091860268091484 4.317905125504627
-2.6706031650208546 3.3029760694787287
-8.809021754416946 6.342389080330413
-8.640783949252443 5.368571912111522
-8.994806547825169 5.808097901778893
-8.549648078826774 6.3796776558527855
-0.21019235456106578 3.3733250942169937
-7.229192439553031 6.412297280366231
-1.3202820392939247 3.2300565201479445
-8.058331598222846 4.674831188089075
-0.23405242921792968 3.3688750977802293
-0.03442340993699444 4.3265624891212155
-5.963022829417097 6.073497024940301
-7.291498985691186 4.419871775979718
-5.8352954105203585 7.580561175286842
-0.4801479221156125 6.01434146820399
-10.030121859369547 6.357101045356778
-9.221223603511914 4.815792951100879
-0.9639858923363083 2.8222132121182373
-1.3091132772316403 3.2130650249694015
-8.667690529475086 6.295669954581869
0.01776234225202522 6.157689353170302
-8.761818079041637 5.898184197072193
-8.298178665411067 4.414837727892453
-8.86422069388242 4.752453207674485
-8.564815478553625 6.552491052524358
-7.8880493698366445 4.001818031534155
-6.691204952879801 4.533992535218373
-2.4661802915059243 4.153875585328823
0.3768166442283043 4.417119931280568
