2
-9.160843455911126 4.250063384642366
-1.1796358778043017 4.331608811056134
-1.0698900836904794 4.554285037089957
-0.4565916486795457 3.6962286009925203
-2.2287800721858937 4.679728148221087
-2.532533250050391 4.580930621629531
-7.229192439553031 6.412297280366231
-1.1511905451071658 3.9892505516599677
-9.597566638974929 5.008613378720029
0.3258477687334478 5.093459404496803
-1.9187929893698987 2.7290433933853095
-8.495358681938837 6.903210674092471
-8.904925368561996 4.955366013300329
-6.756104162860621 5.140249051916284
-6.291874645322162 4.7682486878520045
-9.156206563151432 5.220956808026198
-1.6380949827822295 4.447417936516519
-10.115267182759474 6.769376838136366
-8.933051259142315 5.467816047784477
-7.87494643016144 4.5509755352681305
-0.7773117385069437 4.350249332214052
-1.442759222494487 2.7125944373282715
-0.7677698489231364 3.670767646308348
-3.3034153022764494 6.13863433616722
-9.815199839593337 6.484096651468764
-10.388374456508467 5.706645055648085
-6.8142729365537775 4.861701673222526
-0.9102691785357786 6.703211785388438
-2.6706031650208546 3.3029760694787287
-8.35183558928706 7.377402076026729
-8.857257335452369 4.708518983781543
-1.4716722888989906 4.4847728069953705
-1.9061077857474418 3.2944278008702845
-0.19770810319019305 4.248540894022876
-8.519220242381502 4.147697145655718
0.4928305250463272 5.516835213750951
-0.9763427098630735 3.9186070812685045
-8.141859997032357 6.333402429179653
-2.382001525096187 4.840401944810668
-8.409456618258819 4.767613835402209
-0.04578307499579881 3.207635137259945
-8.179020508675313 4.86212655399805
-1.4558245305618214 5.488079317270162
0.24098359815159776 6.030374473998881
-0.4091681995757106 2.981272518411566
-9.01917322335118 5.857366473883436
-10.06208266891125 5.8563486798451505
0.5900282517237379 2.924717410152008
-7.6331009703773205 5.418389443549943
0.28698182010534135 5.538582181400951
-1.1910443541328795 3.9928680070081204
-1.768296678572172 5.1718245876796
0.3983684135807637 4.636802927413714
-9.518998241916123 4.3001671341238525
-7.914889846775959 6.269376900223808
-8.761818079041637 5.898184197072193
0.02723069765810271 5.484150285606931
-6.9705156921039455 5.385642877784732
-8.947732524346772 4.273208237054076
-0.3967906714346886 4.460555770191244
-8.051837971684696 7.695501853478694
-9.827301766427947 4.655703488159638
0.25861262340672697 5.469395785035626
-8.625419322415802 3.8296388835786632
-8.939377383185288 6.170948772098116
-6.7943148049195266 4.995865229858984
-2.5672420192556347 4.8107499918339975
-9.589001870641882 5.24454467089093
-7.985208796628171 5.960565845753385
0.17246526715531374 4.0261599544081275
-8.523506475280485 6.31693260498213
-0.9370061980457358 5.31043088343821
-1.963704789789016 5.9627774329204675
-1.7910124630803166 3.7988515679657686
-9.158163402623483 5.388245176703069
-8.815951235947718 5.126449192668772
-8.486076399127299 5.522712383315227
-0.9663030775385516 4.916703476312355
-8.029287676067188 5.417327467392599
-0.27496516906664215 1.5635725688150282
-1.9570623219115935 3.8971123239462555
-0.6746388394086817 3.98084698609442
-0.3469274176743542 3.5601853097894756
-9.39357997693075 4.307002159892146
-9.901008972818017 6.322249080001758
-2.116617900236238 5.09896712757263
-9.790094856605473 3.5837283451969597
-8.440564331734247 6.614663072486987
0.03879828360970117 3.6849506369018745
-9.110459823949954 2.5980597019254175
-1.0506222708969768 4.702546492722683
-2.0749929836377032 4.03492135381898
-9.414113326759798 5.467100194709794
-9.43830337225821 4.17161037964169
0.10647247298814433 5.36746385126589
-0.15304067720853243 4.672896303603481
-9.338324204106602 5.9727461945398685
-7.534982443562184 5.745441707903885
-8.734098135197732 5.829835633194796
-9.500041878641007 4.715148460917178
-8.900678303233896 6.3839278263404005
-0.45889571078957647 3.7051012936231107
-2.7020007458287223 3.6778535718401533
0.11808911173731484 2.8565386422763535
-0.5423160435001294 3.324225509900517
-7.713569828514557 6.389732590969349
-0.06523621530008228 4.499913201793827
-1.3937681036938212 2.672056185498745
-8.082288519018276 4.155254187801354
-1.7723297339444302 4.017979140514098
-8.682018850555677 6.6294112729367125
-8.784284219127624 5.910429636704854
-8.090712360763344 7.845970897609993
-1.9634008835306842 4.134604360485224
-1.6102267702734343 5.335476245163324
-1.867627047925645 4.189839314637032
-1.4515047621612427 1.2137883197634647
-8.842652680968703 3.6920059662718248
-0.5018794513567785 4.524919240882047
1.3492088986007662 4.687156629351988
-1.6106337623620304 3.797452495473023
-8.69954055360871 6.557546664375405
-0.3805205422479556 3.4567358662173024
-1.7467775191158694 2.974699666077301
-3.559699167411366 4.782962613666293
-8.474724598378787 3.8436515384568724
-7.907389332612481 5.9363060532263265
-6.707673334591522 5.268962092889228
-0.5391124113616702 5.074388762276278
-8.860974155807245 7.627448065563405
-0.5998464076222779 4.147253840731956
-8.884754634812579 6.443298959140693
-6.213887225894595 6.467415174056119
-0.7040237332084952 2.385517495952803
-1.4457365666200626 2.291724085571039
-1.7622166349871042 4.049997206056654
-0.8859909425524729 4.236299891946015
-1.617307371824178 4.414155489305554
-8.747217018766635 4.774915760786099
-7.307601066534686 5.165051998760074
-2.423887781075099 5.755173008915634
-1.8367101308788003 2.407619820611057
-1.6368386192888393 3.3247555819729957
-7.69520000294203 5.747803541100951
-7.91950589241515 5.142440223703383
-8.200395394589831 4.849310108856767
-7.9959085168616495 5.2847413061677475
-7.1498581641286005 5.110556517800211
-1.2010962080487562 4.90508969180004
-9.76035126996302 5.865136762515391
-8.450386657718292 4.458436529493646
-7.391427452797641 4.790978163273133
-8.250226028116106 6.482653475891505
-10.42581231106598 5.971706628618981
-1.6718967786124224 4.853807861225491
-1.1468775763920662 6.32989502831165
-7.40214985174168 6.5024944628363155
-8.754942125334274 4.062273548589818
-8.98374699491568 7.16624165789732
-7.185630653762463 5.010113038739986
-9.17042522817946 6.181346148088248
-8.56860966296075 6.791461767146304
-7.812679998120282 6.878021279145518
-7.635912379359521 4.423657818428881
-0.5882032564604837 5.153618533093382
-8.981141502105077 5.467136024138008
-9.723547782721273 4.100787526375015
-0.31090144738299286 3.2771508259965927
-7.617615504426706 5.59776266619904
-0.22127437136504668 4.318943587878688
-9.063247890884098 6.226535443037697
-2.159631081315001 4.147901951194511
-1.4719687689869072 5.177493591260201
-10.77308309043006 5.672207702377235
-8.295543970914895 7.338722140195117
-2.78430662555762 3.2896777214027146
-8.285183986545011 6.891812648887753
-8.160185644343736 5.199682563197799
-1.3796855188682253 4.404805386458487
-9.350156641033657 3.8190671306131367
-7.997496512263604 6.710666330461375
-8.844949063723242 6.3629164320116764
-8.37715962935656 4.762203474754428
-1.3738955830616764 3.9387812637345796
0.01762085655712342 1.3925826917546087
-1.6001760738488326 3.9886053709396236
-8.581821883850235 4.874510063750581
-9.2093820546234 5.057115272458091
-1.3644723091837068 5.100877149493814
-7.987499015279154 5.028903574283796
-9.544726720515726 4.786167263370554
-1.3216815456821225 4.868141348224422
-1.2968194491598148 3.282446814955779
-8.43541629158566 6.08819798193422
-2.7243056685808655 3.579135917785165
-8.744525012732844 5.060567043041939
-3.276997900873443 5.076388101205742
-1.7477756259408492 4.531506988423129
-8.37240022730924 5.8509535803576105
-0.9684033078769336 4.364524673166197
-3.465196194814732 5.663528115216895
-2.3785861681703704 5.486326441873661
-1.0749576159583176 3.225930920136471
-1.2390125795792812 4.128460476446094
-7.12754493606127 5.908064962336812
-7.819128508817746 6.492728149622826
-1.8802132861553185 5.116868767926539
-3.171475633162684 4.719916864117779
-1.7988325241884013 3.514933805642478
-1.628468790120488 4.524141750259421
-8.31447670004206 6.386174636443027
-8.716583291193404 4.145134432311503
-7.347047249579243 7.02064263722094
-9.225553657145252 5.984176657504938
0.2963692452078037 4.046807026857771
-7.943939721013713 5.854080478824293
-2.2534171994306234 4.660485735915646
-1.3612036713544349 5.03591420481352
-0.6311179087653659 2.778742727687548
-0.7821875593068368 5.048960877882304
-2.3145524545439917 3.002527085573756
-0.16406501514189897 5.557137800817317
-1.6362530403949773 4.997923241833833
-0.3089960716687514 3.756998996032991
-9.756444826912471 7.2746834390927
-0.6018774720227279 5.423698841983853
0.17318883597664692 6.055076444294215
-7.51275774890735 6.159153017037238
-2.2096143503875894 4.503316925860969
-0.9139092059237053 5.232172099875921
-2.8083459187745454 3.767371836623804
-7.8880493698366445 4.001818031534155
-8.907900278370425 4.764890234180948
-1.7447253835937846 5.260102240723289
-8.592790084632043 5.100151765738728
-7.660238663726937 5.467729797478609
-5.8352954105203585 7.580561175286842
-0.13893430175515564 6.5022260353369905
-6.636039820322731 5.606801444768825
1.227000521419714 5.494687556612112
-7.919253900628968 5.722256750089331
0.9607632741909482 5.3623836086019026
-1.958898591297336 5.061354783916713
-2.1237754792146095 4.806682247539775
-2.319187839401718 4.352073387868675
-0.8062144851153838 3.3734210249168406
-7.904781070565646 3.656395764007173
-8.466786523413234 7.152411041217885
-2.4376593658929573 4.950659394607109
-0.8750128995586797 3.30317226892078
-8.24197701535107 6.52451873270607
-0.21050001370231786 5.979666525065736
-2.6036879697935076 2.9244302113048617
-2.9755835810901448 4.340081394078625
-8.774027949321018 4.418393751344087
-0.891024647528285 4.955051822959459
-7.576122117266627 4.723050108437554
-6.931351062251903 6.677921690256215
-7.812862270036503 4.846351629220525
-2.971262721633764 3.1191636901704065
-1.557009647548719 2.6942019418972896
-8.365185841026126 7.03661536553605
-8.835502525185822 6.38688041891929
-1.6027011483609803 4.631114861727511
-7.04711305587202 5.755219828506476
-7.476071270556656 4.497947385963698
-8.394337491950862 6.121797403871924
-7.470279141341311 6.156531847758108
-0.4398879834807058 6.227735907834868
-8.952252092325422 5.983762382696942
-9.653238896213562 6.418387763659865
0.3525695621576044 5.89269872376318
-1.8522698710785193 4.410903261611368
-1.9178502402563296 4.0789874514823286
-0.4763041330803769 4.115838547779254
-1.5517727160485744 3.148072300164089
-9.337927316695335 4.983896681322036
-7.480223064154751 5.950173032226784
-1.2972339173641978 5.894637484247937
-0.7347636619079749 4.84579648841259
-8.667690529475086 6.295669954581869
-3.5792914468127575 4.547190345676699
-0.45574114063579063 5.152872056613414
-7.880706060710961 5.298547790827174
0.12983720866747195 6.165754084623349
-1.7693809350274563 4.780418646736726
-9.121939505413216 7.3459530841509375
-1.1218576798033306 6.141653461129537
-1.9032150577971139 4.1233831882353424
-10.081047044333811 6.57126863279543
-9.06010291060769 5.781056981382425
0.07950651346433779 5.956858045789376
-1.3738609426798996 6.209556062828858
-8.543427719277586 5.42311382850534
-0.3414216587354325 3.190567100187728
-0.7872294229491523 4.66497332138839
-3.230812880790918 2.9145842695947897
-2.718905633525635 4.545134881334345
-8.522959666387507 6.227514030592433
-0.7582498036890845 5.355183747526409
-1.613937431756869 5.051712153970727
-1.542614329959141 3.1163594020021415
-0.38821638029026106 4.010144548810206
-0.8838981996604887 3.8802183270979835
-6.517313828141896 3.348744625699596
-8.418787478499082 5.400749964730536
-8.677361012571124 3.3069558657074873
-1.9772767578914796 5.421788223908798
-8.162823422886936 5.671519438615228
-7.110610823954795 5.638305656473228
-8.097674014118057 5.10172893162878
-9.717351726376872 5.083448622098582
-1.45025311384678 4.661759208325746
-8.490663757825919 4.408625840143721
-0.3328863969982474 3.187773011509025
-8.667995527042962 4.439204970954201
-0.7826125889354625 5.526661083267962
-8.86422069388242 4.752453207674485
-0.21849384978301645 3.918774698144829
-1.5995470894090043 3.9258322834971846
-7.509633728129447 5.882012268637083
-8.441014048842272 6.005892127798801
-8.57344484441572 7.297913141548974
-1.4062672127389237 4.0367939102944055
-1.792210130534 5.166042669891547
-8.732150545758467 6.736354904896356
-0.2433947898128519 3.2080067525319835
-8.002056453394074 4.4968762180772215
1.7755196189693008 7.048759490001899
-0.10574186200835722 4.63979437146939
-3.193083241587428 3.5915084508599504
-9.935013259139115 6.768837370146462
0.12832770559549522 5.437666912710958
-0.39930731057020274 5.473050027614155
1.697559122536874 5.606197011341817
-1.85750872096603 5.486719081483903
-0.7797912641216967 4.410097050335676
-1.4000736351284992 5.271841151169464
-9.329507996902391 6.096575389144337
-1.0300337888091864 5.492283861937279
-1.1211512043215504 4.126212385273782
-1.1363773007048636 3.925151718021735
-0.23631728225308457 3.966274743542334
-2.3910973358650227 2.6348338168204117
-7.352277315195142 4.920516489983143
-9.608156250421212 4.544531699688193
-0.6877576043328941 4.190701215656327
0.5233886601982933 6.163802256609074
0.2923628401777447 5.121585452667748
-10.124909801926695 6.133805201128384
-7.968534838324104 5.3370194296106455
-1.4159351965285265 5.397434833989532
-7.73745624587239 4.425459280522123
-2.1973059089345988 4.484326892232495
-7.013462439599622 5.660952211148973
-2.2202029519523108 5.235230763623697
-2.1579997373033653 6.084707189305244
-1.0961079082030378 5.327503430705788
-7.500741061740653 5.695395410358557
-2.1827571495135216 4.282551990760445
-7.719173979712991 3.462582932877625
-8.640783949252443 5.368571912111522
-0.8539932308601859 3.078391798845345
-8.240208099536298 4.845964572565867
-7.8776936592725715 5.544185658779748
-9.004687964445495 4.476413456596713
-8.052787247568164 4.607113586396314
0.7966445545079002 4.917310188762825
-2.1594313846706377 6.656820982559011
-9.074916890837272 4.6101906265374195
-6.576996632453043 6.4970849944463405
-1.9542636129226914 3.1713264743526213
-0.9085080227892917 3.6507810070531237
-0.3536793692763054 4.101391292680596
-2.2103846260383895 4.250258208220093
-9.16680361561256 4.106848691404316
-8.053033233746213 6.370353273804643
0.6343587116967708 5.295483121402598
-2.1291151473977417 2.8252612876530314
-0.5155957975362637 5.1826319476314096
-7.291498985691186 4.419871775979718
-9.037127071242198 3.384706083153875
-0.32803163362742727 4.251277275321679
-1.8254671602306811 3.26701152546959
-8.549648078826774 6.3796776558527855
-9.382460078994242 4.4391887747383985
-1.458708559529029 4.160888306255307
-1.0000386768792002 2.8522809605548702
-1.9834299009547083 4.676128650928446
-1.148004796064374 3.9248439553908785
-8.846660636783115 4.268594236810217
-6.5695278381788835 5.318268780321037
-0.6515657012028238 3.604899808371234
-1.0838956783388953 5.0262072951077
-1.8396362226525116 4.609761401285222
-1.9179129619042632 4.429732057862371
-9.942242634616422 5.585252101408002
-8.083107409231793 4.157168375951355
-0.2537388416127466 4.505174288225345
0.0898222771206365 4.164350811935596
-8.357274272785487 3.7445699732945865
-9.028957241776155 6.771639489344059
-9.128626079600823 4.8117703216136825
-1.2774378161570117 4.97975419067553
-3.2614450854194956 2.292561357967527
-9.905538327140146 6.032285291141673
-9.221223603511914 4.815792951100879
-1.12110888399399 3.375578015875866
-8.38567928792246 4.261855294846598
-2.625591951008299 4.6713610063868325
-6.5796981090021776 3.889746208641631
-0.4618522478915702 6.35297765812723
-0.8078552598760587 4.629427725667473
-8.693328717031857 5.371123195045993
-8.699803269180897 7.0986946389685
-2.4886659769594113 4.592193339079821
-2.185667069645693 3.3052302400218307
-7.136514184583351 4.894298668545511
-9.13854978600458 4.214579543297987
-6.691204952879801 4.533992535218373
-8.697872518323813 6.124130061916199
-9.417662595285028 4.338185723751687
-0.29857636895575945 2.68588881565604
-0.12541303218310018 5.205993144448088
-9.417151395367698 6.221058335068796
-0.6349724653359797 2.6686144301920764
-8.058331598222846 4.674831188089075
-1.1888898132302401 2.85596769035679
-7.413708663100982 2.8035910830477113
-1.171117336438956 5.723052831797336
-6.613778540293711 4.101102202445698
-9.303883690591494 4.067977150922957
-3.915437137906928 2.934509422289686
-1.8180856969571544 4.502332297115363
-7.698505202010362 5.357421628696658
-8.578208260460919 5.610204364384604
-0.15247797034885524 3.739255480509611
-8.768526108807011 7.0023753576773755
-10.538249015642032 4.9362165051354845
0.8015001511223625 4.586368238142699
-2.8736723245467286 5.2229371356908825
0.3088415488492602 2.1257446251670093
-10.239274880179183 5.975434202862509
-9.986231543975045 6.035847690100284
-7.328518294051223 5.251171662328271
0.03057286204208287 4.375932213878585
-8.206004733675035 3.951285500301706
-8.440190898194167 7.216945064318354
-1.232236916276188 3.4884844907883017
-3.0858102364938693 5.600695452574169
-10.334293069237587 5.103048614159055
0.5701623576379757 3.929337219911993
0.2144792252670069 5.480795929945775
-0.7207563679126441 4.666813081104912
-2.066273319024577 4.697155102353584
-1.540269258618688 6.099821912902062
-0.09649794910777709 4.5561548249366215
-9.755792394827713 3.7571537149072918
-0.8154078361886385 4.05092173819574
-8.668715715329146 6.190761087403751
-7.7131742420897496 5.509311225992269
-1.4787310279685062 5.415388261842665
-8.581501285994184 4.196951175074916
-0.3989391885314294 5.63252605923339
-7.836721379708416 5.728998822064546
-7.330020734975161 3.901388843778674
-0.821314762363865 4.308258756630377
-2.4822273288923395 3.483457743201867
-1.5599499593302992 3.2578844633256323
-1.0106163406237798 3.750754748899243
-8.173153797497948 6.817694728770922
-8.37754819943311 5.132840512774971
1.1315643900123975 5.107140667077923
-1.4025738274360102 4.815538497390672
-10.384583090143051 6.234788703781612
-8.173720306790063 6.409144130589811
-8.298178665411067 4.414837727892453
-0.7793880232115031 4.764486150607778
-7.480291322574748 6.910637608301887
-1.3415087855850079 4.930500714024504
-7.541084519402465 5.45010882086108
-8.735006845999203 4.522388905433181
-6.350360603736689 5.758613792860926
-10.743338573969496 4.981450591594334
-9.09075616161133 5.236093616382569
-1.7524297754268625 5.136887637607403
-7.579221105067553 6.256396715838987
0.07196294278218418 5.349242212108795
-8.199374288760893 4.071851312932453
-8.239516157290758 5.523759720866749
-2.3878114179910543 5.968509219965628
0.10965601307598227 3.8367394315047796
-9.949446869841852 6.379861068535203
-9.13386396447704 5.070422007958172
-7.773766848858788 7.546988393810835
-0.0783617530708276 5.683163654771979
-7.674144475527958 4.7053743248488065
-0.058004601749764406 2.035214485445081
0.7707964178021687 5.241754862265959
-7.4231536378424305 6.465404780362331
0.16374460374103483 2.4614224624492334
-0.6750692121208863 4.26075409835137
-1.9940441482451434 5.160660056901845
-9.202967901107538 5.704985057421809
-7.869202928637389 6.534387545033404
-6.976195096923273 5.315740608726912
-9.541079527083248 5.262532972999253
-8.556946518405464 5.670883528437322
-9.14747939989693 5.542508394752219
0.023545188766439296 3.423230623872856
-9.798067593110968 7.0376999474318795
-8.782438451158233 4.651028147618925
-2.6461738106653785 3.625107010689719
-7.452864961717383 5.102513916188155
-1.8957331424564305 4.507963908810847
-8.564815478553625 6.552491052524358
-8.659194751672576 6.0368805875581115
-8.413488364652354 6.574158469897375
-8.498086531365795 6.679349624997174
-0.4742374365405908 3.904728148075992
-9.551819106771562 3.765949878073717
-8.977076196741951 6.237489010706347
-1.3756996785979465 5.200013692487849
0.04284679520689805 4.301941022038695
-2.8378124954231714 3.4929264045351314
-8.486828683978473 6.991375974798796
-8.465919208172277 4.550732151276479
-0.8030913227748794 5.261423877394876
-8.394694277249474 6.894951906193502
0.11117886530750365 2.50993961494557
-6.861889403615057 5.700280546971518
-9.088892756723073 6.363071949846761
-0.5813160138695196 4.794139528106216
-9.199304230107826 4.036379999517298
-2.0063764610758703 3.652605482801732
-10.030121859369547 6.357101045356778
-0.31557740849895966 3.6430944041668947
-1.0704899104592984 4.543256282964916
-1.2508220399762966 3.8291656807032712
-1.6206696029068715 3.6955557098205087
-1.0381653665566217 4.627503749387988
-8.864793290249901 5.258535429103771
-0.48744802861280245 2.8300133243692667
-8.077269706777974 6.769769295012812
-7.670627967978338 4.213368791672323
-7.2093912119155785 5.8999205878696594
0.20490425114571176 4.40722956120702
-8.669861524828821 5.007606025939157
-1.8430461900505986 4.416049163767481
-6.85403067934729 5.950856976046032
-0.6196722544335996 4.861588147801662
-8.803536957212835 5.091001875963368
-6.823134521334381 5.752711380258651
-5.963022829417097 6.073497024940301
-7.527985362871273 4.15394791237974
-0.19870119227642524 5.0229015749008745
-2.142388769189294 4.647170865003348
-7.276442251275721 5.4556347773046845
-1.9629983880571569 3.8166439004183235
-8.168696916751593 5.194480396262184
-0.12230499641703174 4.774978557666103
-1.8690622436123088 2.645125433415528
-6.9442545791277 6.267794038211954
-8.989876712662882 5.907536697495252
-8.605244262133475 6.4472924818295745
-2.2451623866483263 5.20778056401278
-1.9628152409114876 3.6690881101702435
-9.043589036806745 4.205918461675145
-8.151316455862064 4.159289273589037
-9.184887408644396 6.094501267041369
-0.9090248055881107 4.701724353540059
-1.1594608566812619 2.9753212747972375
-1.552093549806015 4.197646346285717
-7.335277598189017 5.435127450617469
-8.010726328321677 4.421736754915804
0.15155410862648488 5.496551436134447
-8.999263931993776 5.882684778134424
-9.358879151100597 5.31121794564833
-10.779017486122063 6.501781833767728
-0.23203157176114864 3.61113058348006
-9.185418428824725 4.628009955836948
-0.35334788287996355 2.858813342295151
-9.603739880946993 6.213824754102642
-9.576591938257419 5.811788636005653
-0.5406452360440785 4.605797468501001
-7.198472477854969 5.61773717230155
-0.047692196896676586 3.5479073480953334
-0.6786955433912029 4.565024015454907
-8.49078270803319 6.138114336744337
-1.9317476686466217 5.999298605735767
0.26674676693588606 3.6958341643361328
0.01776234225202522 6.157689353170302
-8.773545449848683 6.895261037528966
-1.485592637086326 3.7877603968911884
-7.191741587503134 4.647185386714562
-7.748852239316391 6.674138305108747
-0.9188697861590134 5.563561435489824
-1.8467755748106534 3.6043286589871113
-8.809021754416946 6.342389080330413
-8.651117079845504 5.761600882889965
-7.160575263511524 5.7750651933387545
-1.4325346234573588 4.036659208358602
-7.974331464029925 4.874491158206629
-7.403602167927922 4.932415523080462
-0.2731409649478329 3.4968813561245735
-9.477812204579555 7.077048520584921
-8.894100534328217 6.6247471756150595
-6.865202197110422 5.546192219464037
-0.9759997979955647 5.865150489570764
-0.6395854096508992 5.605556458723821
-8.204422582012969 5.07377122540144
-7.249177099421048 7.762647908147053
-0.6124282644514583 5.361562962029528
-0.9915920794840236 4.234085156975043
-7.599589738289577 4.355643802745691
-9.042290067315621 5.1725814423071625
-1.273660199389426 4.963944233038409
-0.6841717668676994 4.757463988841934
-8.166076042865399 7.048960200999754
-2.001078780218121 4.4957913049469145
-7.925089092742526 6.275004834358179
-8.070274339465321 5.471689006594325
-2.5978405538163205 6.606445875135316
-1.533763256722081 5.085802892053508
-9.190972308891876 6.510638745654768
-9.678054058120589 7.060351472015817
-1.0526537695209521 4.49103543996922
-8.941992398172243 4.602359936087929
-8.20769231275511 5.837641711522785
-6.571906068121024 2.774545278440904
-9.77266409647925 5.895320554175816
-0.45473736152695765 5.618473201780156
-1.6064879462696926 5.117191451623213
-0.8420483887738595 4.807448928862325
-2.961800849901461 4.791956600058897
-6.874201782590535 5.348891343871202
-7.688977613218951 6.036689152150426
-6.561815350188915 5.835677691439487
-8.673988475347572 4.812664560352604
-0.8106967029644543 4.652343057207355
-7.791005273848657 4.858080203395931
-1.500609751567545 4.493646296989933
-9.262757241146595 5.600441417708241
-2.180382987365248 4.516871159525854
-3.0864982409727677 6.539391124608012
-1.4817229736191853 4.37096947597519
-7.381895410276033 7.3127560916713845
-2.1369754586146072 4.791617960945082
-6.819884678921056 6.180335141621923
-2.060417229288308 4.514165996860017
-7.905772325192874 4.8455386483808285
-9.403158027627095 6.010172675918271
-7.700539537396399 4.852253923076349
-3.157182056495002 4.815424921924244
-7.417885913356318 6.164258333429698
-7.998374657706241 5.025101593252773
-2.1469337823929044 2.106260858088221
-7.79060549279866 5.178440913211997
-1.3739508690412228 4.026054964564464
-1.0749576427522287 4.647553216689498
-8.11740558305763 5.583086701116857
-2.4661802915059243 4.153875585328823
-0.5111686618510332 6.055416803428525
-1.1257769178294221 3.7524290815353174
-2.449134623800925 3.723629036767637
0.8442167474524913 4.249710711760451
-1.6753104999891637 6.3316468150402105
-5.612767021798097 4.988285798708914
-8.492940604140918 6.226743881106077
-1.1094183139915397 3.9507252568837847
-2.789518007009577 5.946210523086361
-7.928229592453988 5.7166749624870405
-8.14408436439313 5.42455226178548
-0.44907138867880847 5.222766601686566
-8.96001143758655 5.827855605348271
-9.290914459349704 5.790683543621212
-9.59583345410923 5.890360174818907
-2.255633186595743 5.551610327055794
-8.84514637512959 4.984852260845848
0.2754251682783515 3.9767827096819515
-8.606211410087703 5.288899504213412
-0.9015523984540157 3.740288692516709
-9.908797678556411 6.099999967983334
-0.7509755752632511 4.71303384361754
-1.8157014924041515 5.668243816622198
-1.086127035965426 4.824813372116871
-10.182173415687911 3.7952771863225516
-0.8909346814009362 4.764004715050854
-0.8349281183245336 4.296262976449917
-7.424437663177601 5.1819015262822745
-1.961841223387383 4.355828708513698
-8.451589473980295 5.169307251246301
-2.4673074391977576 4.278723303038439
-7.981689753346038 5.567866994860885
-2.4961945112478143 7.063948969414375
-7.835581752846359 5.820057683376765
-7.847205014690385 6.603724224929526
-1.5992127328289785 4.919454535257891
-1.1332828225013682 6.104456045568557
0.8615718253714952 5.153195049912449
-9.042554107109892 5.457525041918287
-1.726031180261235 5.859277806213494
-1.9592357246510115 4.332408577816248
-0.28360464139159125 4.603955840123642
-1.156229547402391 3.8440548218178074
-1.36386947191887 3.726947320119111
1.0738935814800867 3.800208479028685
-0.21019235456106578 3.3733250942169937
-0.8749995381477542 4.931899052059431
-1.5548868651307888 4.343786286325593
-1.569948730291462 4.078440670803717
-10.34141094777257 5.93642679782097
-8.58671111166962 4.672631303534999
-1.9007419972248814 3.6526253636251673
-7.985551956404876 2.8368583767319024
-0.24853057824265834 5.1832067270858335
-9.216387737725423 6.670845976377788
-9.84369393150005 6.329530230229683
-0.9864165265112383 4.819153670286882
-8.432044413347612 6.063426437344234
-10.242605912600546 5.375425688356792
-1.2557467440200563 5.288321327526681
-2.4774245488833255 3.6419186785827296
-9.499911775233102 5.27674099277894
-8.23512558350334 5.649707065072672
-1.5657976739641188 2.988899593947659
-2.140071223685305 3.5640619885273894
-0.16410269343037842 5.53191372778235
-2.237127193589316 4.121294432894314
-8.759237716225666 7.256800628074689
-1.1932729761150798 6.479705627075504
-1.7355025565310056 4.719489723874732
-8.21840619007228 5.747671294287362
-10.343114451523368 3.8175607936679654
-9.351085489571107 6.256930082776176
-8.700532151788982 5.829801923336785
-0.5160870679659935 5.123932840063878
-8.666689672870637 3.8203629918437843
-8.582687894366854 6.122887677461535
-2.752103914551654 5.546349710627592
-7.267552018405009 6.57893282964026
-0.8557014636566638 4.281325189628958
-9.066623835317104 4.731656080146648
-8.711488486035023 5.519815564772456
-9.798475548102086 6.263579529760005
-8.736161194876324 4.316617924871782
-7.540590555162618 6.206458747612114
-7.842115645190629 5.771087545772868
-0.02559451652675504 5.099984118435905
-0.47133259914186376 3.258195964860502
-2.3476155762717417 5.052270419346628
-9.06158859647065 3.4760263727696015
-9.667426134779038 4.5483590337269195
-1.6353975863926578 5.111894320212421
-2.7509533809322235 3.3984768709933517
-7.4561762068573625 6.198874360721843
-8.70401235746547 6.593309554245499
-8.334924137555383 3.9801068356068394
-8.328672881242596 4.885848097531324
-8.533835655539537 6.386061186415365
-0.442071335311347 2.984150734607187
-7.8512048681478745 5.446977413688096
-0.09504477444526471 4.796682174367316
-8.45934526754458 3.8047271030019143
-9.149609713344026 4.575305268200696
-8.992967214634598 6.0476632866244575
-2.837742445580366 3.277202011760714
-8.600743361531547 5.079238543654067
-0.6993788120950354 4.554879637566507
-1.9593900933556538 4.696111005469818
-1.4460179484608169 5.08146472060182
-8.942009787288685 5.937280792537416
-8.544289337777307 6.991303161731613
-1.8603370732834132 3.791864318740623
-8.657644332899944 4.185029222679276
-7.903860864066427 5.9474843190445155
-8.246634535917343 6.723330427075304
-2.117937222549137 4.293511694088031
-7.547532414577891 5.549373550963712
-1.0912499139705307 4.300261498629105
-8.57304344281366 5.4627313062471075
-1.7791305509136617 4.286637930949076
0.07155602991450949 4.1761968484662955
-1.413505628752137 5.442040059297136
-6.9491660835131075 3.7220492487718007
-9.095623728318515 5.789048910081345
-8.283116702458258 5.326391794457058
-7.840048952176648 6.489560606283055
-1.5749674080307097 5.069934564993813
-0.6391356594785714 6.821170857128646
-9.610971000686055 5.281510391579617
-8.469101112967005 5.2532407595524
-1.569551745005617 4.18635521250684
-0.09134179068552983 4.666511148918969
-1.0173996244974535 3.9031928136262946
-9.70735815624842 5.781276546417059
-2.647970275091372 3.9088376892487977
-8.548209179708335 6.326155002354897
-10.5264697207962 7.6621713958651405
-8.601685086264855 5.453664268973996
-2.3100450672752224 4.217999165227112
-1.3840944390774756 6.1040537868410825
-8.606621747759656 3.698514525519945
-2.0458398032858276 4.960648150123441
-8.42040957062146 4.748141897512411
-9.513965276306052 5.621153812221479
-2.363866828129363 4.1361447419353805
-8.883225839240328 6.924122765903215
-9.888780031278177 4.952198539029478
-8.205285722405325 4.043691155721978
-8.879062067948542 3.3100607428305704
-1.290572688777662 3.2558504416354035
-1.6873388921985566 3.140860978358414
-1.3213255813310523 4.83864828172416
-8.79724583616486 5.752720831229858
-0.8050810009783727 3.437664241029899
-9.915377929159321 4.254747279911826
-1.5791269930335878 4.754790677710245
-1.810882483049074 5.657509489617349
-7.767280734997145 4.991694064583441
-2.9907158903960873 4.095403610992136
-1.0119395835353844 4.891968990151473
-8.9174780430679 5.426192558246333
2.5110757817053044 4.73213190798953
-0.5825021582839452 3.00075045522223
-8.994806547825169 5.808097901778893
-0.03496939239065311 5.632523911132454
-2.631743381997517 5.080884662688485
-9.12787335710101 4.401753058731496
-1.391525849695067 4.6205645143893985
0.6910755253824585 4.581347999480978
-9.235858880072163 5.902683014731169
-8.562300880632652 4.3591288083314135
-2.972435032410217 4.964184529056387
-8.42506405840522 4.565840906460902
-7.994048865009696 4.792224891266024
-7.939386004796859 5.232123316559238
-2.7218891589899474 4.752259416195282
-7.8274629288563125 5.619842235538491
-11.556338978238518 4.080375350840854
-0.4801479221156125 6.01434146820399
-9.116864979891664 5.1554691181364944
-1.3091132772316403 3.2130650249694015
-10.157231056158945 6.613390780263183
-8.37812324295435 5.358336066779614
-9.066225805310607 5.637544494529876
-3.583741324918921 5.151940244869487
-9.114809770060655 6.280235664893945
-8.109705169620025 5.712409624102823
-9.099263186487615 5.426827583606571
